5130.24766859 , 0.0
5135.50380656 , 0.0
5138.13265121 , 0.0
5139.44726726 , 0.0
5142.0768865 , 0.0
5143.39188959 , 0.0
5144.70702158 , 0.0
5146.02228241 , 0.0
5148.65319037 , 0.0
5149.96883739 , 0.0
5151.28461302 , 0.0
5155.23271104 , 0.0
5159.18196455 , 0.0
5161.8154414 , 0.0
5163.13237201 , 0.0
5164.44943067 , 0.0
5167.08393189 , 0.0
5168.40137434 , 0.0
5171.03664264 , 0.0
5174.99050273 , 0.0
5176.30871124 , 0.0
5177.62704722 , 0.0
5178.94551062 , 0.0
5181.58281946 , 0.0
5182.90166478 , 0.0
5184.22063729 , 0.0
5188.17831739 , 0.0
5190.81740571 , 0.0
5192.13714017 , 0.0
5194.7769894 , 0.0
5196.09710407 , 0.0
5198.7377132 , 0.0
5200.05820756 , 0.0
5201.37882837 , 0.0
5204.0204491 , 0.0
5205.34144891 , 0.0
5206.66257494 , 0.0
5207.98382714 , 0.0
5209.30520544 , 0.0
5211.94834014 , 0.0
5213.27009643 , 0.0
5214.59197859 , 0.0
5215.91398657 , 0.0
5217.23612032 , 0.0
5219.88076487 , 0.0
5222.5259118 , 0.0
5223.84867351 , 0.0
5225.17156064 , 0.0
5229.140974 , 0.0
5231.78787563 , 0.0
5243.70511772 , 0.0
5245.02987931 , 0.0
5247.67977595 , 0.0
5249.00491089 , 0.0
5250.33017016 , 0.0
5251.65555371 , 0.0
5252.98106148 , 0.0
5255.63244945 , 0.0
5259.61046163 , 0.0
5262.26308922 , 0.0
5263.58958869 , 0.0
5264.91621186 , 0.0
5268.89682304 , 0.0
5275.53364374 , 0.0
5276.86137768 , 0.0
5280.84531805 , 0.0
5284.83036505 , 0.0
5286.15895971 , 0.0
5290.14547982 , 0.0
5291.47456505 , 0.0
5295.46255552 , 0.0
5296.79213041 , 0.0
5298.12182757 , 0.0
5299.45164694 , 0.0
5300.78158848 , 0.0
5302.11165211 , 0.0
5304.77214544 , 0.0
5306.10257502 , 0.0
5310.09459476 , 0.0
5314.08770978 , 0.0
5318.08191853 , 0.0
5322.07721945 , 0.0
5324.7413594 , 0.0
5327.40598361 , 0.0
5328.73847717 , 0.0
5330.07109162 , 0.0
5331.40382691 , 0.0
5332.73668298 , 0.0
5338.06931389 , 0.0
5339.40277298 , 14.2711
5342.07005242 , 3.72108
5343.40387265 , 3.24451
5347.40605467 , 8.24732
5350.07477656 , 10.7575
5351.40931749 , 4.07891
5352.74397834 , 3.97083
5355.41365956 , 10.4454
5356.74867981 , 4.1162
5358.08381975 , 0.0
5359.41907932 , 0.0
5363.42557522 , 0.0
5364.76131273 , 0.0
5366.09716958 , 0.0
5367.43314571 , 0.0
5368.76924107 , 0.0
5370.1054556 , 0.0
5372.77824193 , 0.0
5374.11481361 , 0.0
5376.78831375 , 0.0
5379.46228917 , 0.0
5380.79945498 , 0.0
5383.47414248 , 0.0
5384.81166407 , 1.02296
5386.14930413 , 6.86592
5392.83927959 , 7.43545
5394.17762931 , 10.2921
5396.85468292 , 6.50786
5398.19338669 , 5.57086
5399.53220836 , 11.8498
5402.21020519 , 5.05606
5408.90725651 , 2.58215
5412.92689706 , 1.81455
5414.26701186 , 2.20803
5415.60724386 , 0.127036
5416.94759303 , 0.0
5418.28805928 , 0.0
5423.65109412 , 2.2705
5424.99214499 , 1.95958
5427.67459692 , 4.79296
5435.72475011 , 4.87258
5437.06684966 , 2.0941
5439.75139739 , 6.50554
5442.43640958 , 0.0
5443.77908971 , 0.0
5449.15096906 , 0.0
5451.83760324 , 0.0
5453.18109376 , 0.0
5454.52469982 , 0.0
5455.86842135 , 0.0
5457.21225831 , 0.0
5458.55621064 , 0.0
5459.90027827 , 0.0
5461.24446116 , 0.0
5462.58875924 , 0.0
5463.93317246 , 0.0
5465.27770075 , 0.0
5466.62234406 , 0.0
5467.96710234 , 0.0
5469.31197552 , 0.0
5473.34728392 , 0.0
5474.69261614 , 0.0
5476.03806298 , 0.0
5477.38362438 , 0.0
5482.76701441 , 0.0
5484.11314773 , 0.0
5485.45939527 , 0.0
5489.49882259 , 0.0
5494.88632116 , 0.0
5496.23348032 , 0.0
5497.58075318 , 0.0
5498.92813967 , 0.0
5500.27563974 , 0.0
5508.36302206 , 0.0
5511.05972217 , 0.0
5513.75687451 , 0.0
5515.10562013 , 0.0
5516.45447863 , 0.0
5517.80344996 , 0.0
5519.15253406 , 0.0
5520.50173087 , 0.0
5524.54999699 , 0.0
5527.24940358 , 0.0
5529.94925962 , 0.0
5535.35031826 , 0.0
5536.70086311 , 0.0
5538.05151992 , 0.0
5539.40228864 , 0.0
5544.80648138 , 0.0
5546.15780875 , 0.0
5547.50924768 , 0.0
5548.8607981 , 0.0
5551.56423322 , 0.0
5554.26811365 , 0.0
5556.97243891 , 0.0
5559.67720856 , 0.0
5561.02975988 , 0.0
5562.38242213 , 0.0
5563.73519524 , 0.0
5566.44107382 , 0.0
5567.79417917 , 0.0
5569.14739516 , 0.0
5570.50072172 , 0.0
5574.56136429 , 0.0
5579.97709894 , 0.0
5582.68562717 , 0.0
5585.3945954 , 0.0
5586.74924437 , 0.0
5588.10400316 , 0.0
5589.45887172 , 0.0
5590.81384999 , 0.0
5593.52413542 , 0.0
5594.87944247 , 0.0
5600.30176487 , 0.0
5601.65761873 , 0.0
5603.01358179 , 0.0
5607.0821255 , 0.0
5609.79503287 , 0.0
5616.57920503 , 0.0
5620.65101144 , 0.0
5622.00849708 , 0.0
5624.72379328 , 0.0
5626.08160372 , 0.0
5627.4395223 , 0.0
5628.79754898 , 0.0
5630.1556837 , 0.0
5631.51392639 , 0.0
5632.872277 , 0.0
5634.23073547 , 0.0
5636.94797577 , 0.0
5638.30675748 , 0.0
5639.66564682 , 0.0
5641.02464373 , 0.0
5642.38374816 , 0.0
5643.74296004 , 0.0
5645.10227933 , 0.0
5646.46170595 , 0.0
5649.180881 , 0.0
5653.26044718 , 0.0
5654.62051664 , 0.0
5658.70136642 , 0.0
5660.06186328 , 0.0
5661.42246685 , 0.0
5662.78317707 , 0.0
5666.86594705 , 0.0
5668.22708328 , 0.0
5673.67269125 , 0.0
5675.03435871 , 0.0
5676.39613224 , 0.0
5679.11999729 , 0.0
5680.48208868 , 0.0
5681.84428592 , 0.0
5684.56899769 , 0.0
5685.9315121 , 0.0
5687.29413213 , 0.0
5688.6568577 , 0.0
5691.38262527 , 0.0
5692.74566716 , 0.0
5694.10881436 , 0.0
5696.8354245 , 0.0
5702.2899061 , 0.0
5703.65378893 , 0.0
5706.38186912 , 0.0
5707.74606636 , 0.0
5709.11036829 , 0.0
5710.47477484 , 0.0
5711.83928597 , 0.0
5713.2039016 , 0.0
5714.5686217 , 0.0
5715.93344619 , 0.0
5717.29837502 , 0.0
5720.02854547 , 0.0
5721.39378697 , 0.0
5724.12458225 , 0.0
5725.4901359 , 0.0
5726.8557935 , 0.0
5728.22155497 , 0.0
5730.95338932 , 0.0
5733.68563849 , 0.0
5736.41830202 , 0.0
5737.78478902 , 0.0
5739.15137944 , 0.0
5740.51807323 , 0.0
5741.88487031 , 0.0
5743.25177063 , 0.0
5747.3530905 , 0.0
5750.08781891 , 0.0
5751.45533749 , 0.0
5752.8229589 , 0.0
5754.19068311 , 0.0
5756.92643963 , 0.0
5758.29447183 , 0.0
5759.66260658 , 0.0
5761.03084383 , 0.0
5762.39918352 , 0.0
5763.76762558 , 0.0
5765.13616997 , 0.0
5766.50481662 , 0.0
5767.87356547 , 0.0
5769.24241648 , 0.0
5770.61136957 , 0.0
5771.9804247 , 0.0
5773.3495818 , 0.0
5774.71884083 , 0.0
5776.08820171 , 0.0
5778.82722882 , 0.0
5780.19689494 , 0.0
5781.56666268 , 0.0
5784.30650283 , 0.0
5785.67657512 , 0.0
5787.04674881 , 0.0
5788.41702384 , 0.0
5789.78740015 , 0.0
5791.15787769 , 0.0
5792.5284564 , 0.0
5793.89913622 , 0.0
5795.2699171 , 30.66
5796.64079897 , 0.0
5798.01178177 , 0.0
5799.38286546 , 9.13237
5800.75404997 , 0.0944851
5802.12533525 , 10.5066
5804.86820787 , 0.0
5806.2397951 , 0.0
5808.98327111 , 0.0
5814.47142769 , 0.0
5817.21610736 , 0.0
5818.58859733 , 0.0
5819.96118732 , 0.0
5821.33387727 , 0.0
5822.70666712 , 0.0
5825.4525463 , 0.0
5828.19882439 , 0.0
5830.94550094 , 0.0
5833.69257549 , 0.0
5836.44004757 , 0.0
5837.81393254 , 0.0
5839.18791673 , 0.0
5841.9361825 , 0.0
5843.31046397 , 0.0
5846.0593238 , 0.0
5847.43390205 , 0.0
5848.8085791 , 0.0
5850.18335491 , 0.0
5851.5582294 , 0.0
5852.93320254 , 0.0
5854.30827425 , 0.0
5855.68344448 , 0.0
5857.05871318 , 0.0
5858.43408028 , 0.0
5861.18510948 , 0.0
5862.56077146 , 0.0
5863.93653161 , 0.0
5866.68834622 , 0.0
5869.44055284 , 0.0
5870.81680301 , 0.0
5872.19315101 , 0.0
5873.56959679 , 0.0
5874.94614028 , 0.0
5877.69952019 , 0.0
5879.07635649 , 0.0
5880.45329027 , 0.0
5881.83032149 , 0.0
5883.20745007 , 0.0
5884.58467597 , 0.0
5885.96199913 , 0.0
5887.33941948 , 0.0
5888.71693698 , 0.0
5890.09455156 , 0.0
5892.85007175 , 0.0
5894.22797724 , 0.0
5895.60597959 , 0.0
5896.98407873 , 0.0
5898.36227462 , 0.0
5899.74056718 , 0.0
5901.11895637 , 0.0
5902.49744213 , 0.0
5903.8760244 , 0.0
5905.25470312 , 0.0
5906.63347824 , 0.0
5908.0123497 , 0.0
5909.39131743 , 0.0
5910.77038139 , 0.0
5914.90815004 , 0.0
5916.28759832 , 0.0
5917.66714253 , 0.0
5919.04678263 , 0.0
5920.42651855 , 0.0
5921.80635023 , 0.0
5925.94641929 , 0.0
5927.32663345 , 0.0
5928.70694309 , 0.0
5931.46784858 , 0.0
5932.84844432 , 0.0
5938.37177916 , 0.0
5939.75285056 , 0.0
5941.13401692 , 0.0
5942.51527819 , 0.0
5943.8966343 , 0.0
5945.2780852 , 0.0
5946.65963084 , 0.0
5948.04127115 , 0.0
5949.42300608 , 0.0
5950.80483557 , 0.0
5952.18675956 , 0.0
5953.568778 , 0.0
5954.95089083 , 0.0
5956.33309799 , 0.0
5957.71539942 , 0.0
5959.09779508 , 0.0
5960.48028489 , 0.0
5961.8628688 , 0.0
5963.24554676 , 0.0
5964.6283187 , 0.0
5966.01118458 , 0.0
5967.39414433 , 0.0
5968.7771979 , 0.0
5970.16034522 , 0.0
5971.54358625 , 0.0
5972.92692092 , 0.0
5974.31034918 , 0.0
5975.69387097 , 0.0
5977.07748623 , 0.0
5978.46119491 , 0.0
5979.84499695 , 51.0256
5981.22889229 , 19.1566
5983.99696264 , 8.91816
5985.38113753 , 3.56024
5986.7654055 , 22.2794
5988.14976649 , 18.9051
5989.53422043 , 17.7349
5990.91876728 , 25.6304
5992.30340697 , 5.80971
5993.68813944 , 16.3756
5996.45788252 , 8.36206
5997.84289301 , 14.1518
5999.22799606 , 12.4283
6000.61319161 , 15.2004
6001.99847961 , 6.67043
6003.38385999 , 0.0
6006.15489768 , 0.0
6007.54055487 , 0.0
6008.92630423 , 0.0
6010.31214568 , 0.0
6011.69807918 , 0.0
6013.08410467 , 0.0
6014.47022208 , 0.0
6015.85643137 , 0.0
6017.24273247 , 0.0
6018.62912534 , 0.0
6020.0156099 , 0.0
6021.4021861 , 0.0
6022.7888539 , 0.0
6024.17561322 , 0.0
6025.56246401 , 0.0
6026.94940622 , 0.0
6028.33643979 , 0.0
6029.72356466 , 2659.91
6031.11078078 , 2348.81
6032.49808808 , 912.407
6033.88548651 , 157.205
6035.27297602 , 10.2873
6036.66055654 , 12.6662
6038.04822803 , 0.0
6039.43599041 , 0.0
6040.82384364 , 0.0
6042.21178766 , 0.0
6047.76447046 , 0.0
6049.15286757 , 0.0
6053.31860132 , 0.0
6054.70735987 , 0.0
6056.09620863 , 0.0
6058.87417658 , 0.0
6060.26329566 , 0.0
6061.65250472 , 0.0
6063.04180372 , 0.0
6064.4311926 , 0.0
6065.82067129 , 0.0
6067.21023975 , 0.0
6068.59989791 , 0.0
6069.98964572 , 0.0
6071.37948312 , 0.0
6072.76941006 , 0.0
6074.15942647 , 0.0
6075.54953231 , 0.0
6076.93972751 , 0.0
6078.33001202 , 0.0
6079.72038577 , 0.0
6081.11084872 , 35.4326
6082.50140081 , 0.0
6083.89204197 , 0.0
6085.28277216 , 0.0
6086.67359132 , 0.0
6088.06449938 , 0.0
6089.45549629 , 0.0
6090.846582 , 0.0
6092.23775645 , 0.0
6093.62901958 , 0.0
6095.02037133 , 0.0
6096.41181166 , 0.0
6097.80334049 , 0.0
6099.19495777 , 0.0
6100.58666346 , 0.0
6101.97845748 , 0.0
6103.37033979 , 0.0
6104.76231032 , 0.0
6106.15436903 , 0.0
6107.54651584 , 0.0
6108.93875072 , 0.0
6110.33107359 , 0.0
6111.7234844 , 0.0
6113.1159831 , 0.0
6114.50856964 , 0.0
6115.90124394 , 0.0
6117.29400596 , 0.0
6118.68685563 , 0.0
6120.07979291 , 0.0
6121.47281774 , 0.0
6122.86593005 , 0.0
6124.25912979 , 0.0
6125.65241691 , 0.0
6127.04579135 , 0.0
6128.43925305 , 0.0
6129.83280195 , 0.0
6131.22643801 , 0.0
6132.62016115 , 0.0
6134.01397133 , 0.0
6135.40786849 , 0.0
6136.80185256 , 0.0
6138.19592351 , 0.0
6139.59008126 , 0.0
6140.98432576 , 0.0
6142.37865695 , 0.0
6143.77307479 , 0.0
6145.1675792 , 0.0
6146.56217014 , 0.0
6147.95684755 , 0.0
6149.35161137 , 0.0
6150.74646154 , 0.0
6152.14139802 , 0.0
6153.53642073 , 0.0
6154.93152963 , 0.0
6156.32672465 , 0.0
6157.72200575 , 0.0
6159.11737286 , 0.0
6160.51282593 , 0.0
6161.9083649 , 0.0
6163.30398972 , 0.0
6164.69970033 , 0.0
6166.09549666 , 0.0
6167.49137868 , 0.0
6168.88734631 , 0.0
6170.2833995 , 0.0
6171.6795382 , 0.0
6173.07576235 , 0.0
6174.47207189 , 0.0
6175.86846676 , 0.0
6177.26494692 , 0.0
6178.6615123 , 0.0
6180.05816284 , 0.0
6181.4548985 , 0.0
6182.8517192 , 0.0
6184.24862491 , 0.0
6185.64561555 , 0.0
6187.04269108 , 0.0
6188.43985143 , 0.0
6189.83709656 , 0.0
6191.2344264 , 0.0
6192.6318409 , 0.0
6194.02934 , 0.0
6195.42692364 , 0.0
6196.82459177 , 0.0
6199.62018128 , 0.0
6201.01810254 , 0.0
6202.41610806 , 0.0
6203.81419778 , 0.0
6205.21237166 , 0.0
6206.61062963 , 0.0
6208.00897164 , 0.0
6209.40739763 , 0.0
6210.80590754 , 0.0
6212.20450132 , 0.0
6213.60317891 , 0.0
6215.00194025 , 0.0
6216.40078529 , 0.0
6217.79971398 , 0.0
6219.19872625 , 0.0
6220.59782205 , 0.0
6221.99700133 , 0.0
6223.39626402 , 0.0
6224.79561007 , 0.0
6226.19503942 , 0.0
6227.59455202 , 0.0
6228.99414781 , 0.0
6230.39382674 , 0.0
6231.79358875 , 0.0
6233.19343378 , 0.0
6234.59336177 , 0.0
6235.99337268 , 0.0
6237.39346643 , 0.0
6238.79364299 , 0.0
6240.19390229 , 0.0
6241.59424427 , 0.0
6242.99466887 , 0.0
6244.39517605 , 0.0
6245.79576575 , 0.0
6247.19643791 , 0.0
6248.59719247 , 0.0
6249.99802937 , 0.0
6251.39894857 , 0.0
6252.79995 , 0.0
6254.20103361 , 0.0
6255.60219934 , 0.0
6257.00344714 , 0.0
6258.40477695 , 0.0
6259.80618871 , 0.0
6261.20768237 , 0.0
6262.60925787 , 0.0
6264.01091515 , 0.0
6265.41265416 , 0.0
6266.81447485 , 0.0
6268.21637715 , 0.0
6269.61836102 , 0.0
6271.02042638 , 0.0
6272.4225732 , 0.0
6273.8248014 , 0.0
6275.22711095 , 0.0
6276.62950177 , 0.0
6278.03197381 , 0.0
6279.43452703 , 0.0
6280.83716135 , 0.0
6282.23987673 , 0.0
6283.64267311 , 0.0
6285.04555043 , 0.0
6286.44850864 , 0.0
6287.85154768 , 0.0
6289.2546675 , 0.0
6290.65786803 , 0.0
6292.06114922 , 0.0
6293.46451103 , 0.0
6294.86795338 , 0.0
6296.27147623 , 0.0
6297.67507952 , 0.0
6299.07876319 , 0.0
6300.48252718 , 0.0
6301.88637145 , 0.0
6303.29029593 , 0.0
6304.69430057 , 0.0
6306.09838531 , 0.0
6307.5025501 , 0.0
6308.90679488 , 0.0
6310.31111959 , 0.0
6311.71552419 , 0.0
6313.1200086 , 0.0
6314.52457278 , 0.0
6315.92921668 , 0.0
6317.33394022 , 0.0
6318.73874337 , 0.0
6320.14362606 , 0.0
6321.54858824 , 0.0
6322.95362985 , 0.0
6324.35875083 , 0.0
6325.76395114 , 0.0
6327.1692307 , 0.0
6328.57458948 , 0.0
6329.98002741 , 0.0
6331.38554443 , 0.0
6332.79114049 , 0.0
6334.19681554 , 0.0
6335.60256952 , 0.0
6337.00840236 , 0.0
6338.41431403 , 0.0
6339.82030445 , 0.0
6341.22637359 , 0.0
6342.63252137 , 0.0
6344.03874774 , 36.5912
6345.44505265 , 32.0628
6346.85143605 , 54.5717
6348.25789787 , 32.0678
6349.66443806 , 34.4493
6351.07105656 , 30.0546
6352.47775332 , 36.5809
6353.88452829 , 26.6813
6355.2913814 , 18.6756
6356.69831261 , 17.9286
6358.10532185 , 38.0746
6359.51240907 , 18.0344
6360.91957422 , 20.3119
6362.32681723 , 24.03
6363.73413806 , 41.0253
6365.14153665 , 30.138
6366.54901293 , 28.6196
6367.95656686 , 32.4356
6369.36419839 , 21.6578
6370.77190744 , 31.7849
6372.17969398 , 43.2911
6373.58755794 , 58.6115
6374.99549927 , 73.8008
6376.4035179 , 60.6404
6377.8116138 , 183.16
6379.2197869 , 1666.27
6380.62803714 , 14141.0
6382.03636447 , 41266.5
6383.44476883 , 50593.2
6384.85325017 , 31910.0
6386.26180844 , 0.0
6387.67044357 , 708.427
6389.07915551 , 0.0
6390.48794421 , 132.019
6391.89680961 , 0.0
6393.30575165 , 0.0
6394.71477029 , 0.0
6396.12386546 , 0.0
6397.5330371 , 0.0
6398.94228517 , 0.0
6400.3516096 , 0.0
6401.76101035 , 0.0
6403.17048735 , 0.0
6404.58004055 , 0.0
6405.9896699 , 0.0
6407.39937534 , 0.0
6408.80915681 , 0.0
6410.21901426 , 0.0
6411.62894764 , 0.0
6413.03895688 , 0.0
6414.44904193 , 0.0
6415.85920274 , 0.0
6417.26943925 , 0.0
6418.67975141 , 0.0
6420.09013916 , 0.0
6421.50060244 , 0.0
6422.91114121 , 0.0
6424.32175539 , 0.0
6425.73244495 , 0.0
6427.14320982 , 0.0
6428.55404995 , 0.0
6429.96496528 , 0.0
6431.37595576 , 0.0
6432.78702133 , 0.0
6434.19816193 , 0.0
6435.60937752 , 1615.43
6437.02066804 , 0.0
6438.43203342 , 11068.4
6439.84347362 , 0.0
6441.25498859 , 0.0
6442.66657825 , 0.0
6444.07824257 , 0.0
6445.48998148 , 0.0
6446.90179493 , 0.0
6448.31368286 , 0.0
6449.72564522 , 0.0
6451.13768195 , 0.0
6452.54979301 , 0.0
6453.96197832 , 0.0
6455.37423784 , 0.0
6456.78657152 , 0.0
6458.19897929 , 0.0
6459.6114611 , 0.0
6461.0240169 , 0.0
6462.43664663 , 0.0
6463.84935024 , 0.0
6465.26212767 , 0.0
6466.67497887 , 0.0
6469.50090233 , 0.0
6470.91397449 , 0.0
6472.3271202 , 0.0
6473.7403394 , 0.0
6475.15363203 , 0.0
6476.56699804 , 0.0
6477.98043738 , 0.0
6479.39394999 , 0.0
6480.80753581 , 0.0
6482.22119479 , 0.0
6483.63492687 , 0.0
6485.04873201 , 0.0
6486.46261014 , 0.0
6487.87656121 , 0.0
6489.29058516 , 0.0
6490.70468194 , 0.0
6492.1188515 , 0.0
6493.53309377 , 0.0
6494.94740871 , 0.0
6496.36179626 , 0.0
6497.77625636 , 0.0
6499.19078896 , 0.0
6500.60539401 , 0.0
6502.02007145 , 0.0
6503.43482121 , 0.0
6504.84964326 , 0.0
6506.26453754 , 0.0
6507.67950398 , 0.0
6509.09454254 , 0.0
6510.50965315 , 0.0
6511.92483577 , 0.0
6513.34009034 , 0.0
6514.75541681 , 0.0
6516.17081512 , 0.0
6517.58628521 , 0.0
6519.00182703 , 0.0
6520.41744052 , 0.0
6521.83312564 , 0.0
6523.24888232 , 0.0
6524.66471051 , 0.0
6526.08061016 , 0.0
6527.49658121 , 0.0
6528.91262361 , 0.0
6530.32873729 , 0.0
6531.74492222 , 0.0
6533.16117832 , 0.0
6534.57750555 , 0.0
6535.99390386 , 0.0
6537.41037318 , 0.0
6538.82691347 , 0.0
6540.24352466 , 0.0
6541.66020671 , 0.0
6543.07695955 , 0.0
6544.49378314 , 0.0
6545.91067741 , 0.0
6547.32764233 , 0.0
6548.74467782 , 0.0
6550.16178383 , 0.0
6551.57896032 , 0.0
6554.41352448 , 0.0
6555.83091205 , 0.0
6557.24836987 , 0.0
6558.66589789 , 0.0
6560.08349605 , 0.0
6561.50116429 , 0.0
6562.91890257 , 0.0
6564.33671083 , 0.0
6565.75458901 , 0.0
6567.17253706 , 0.0
6568.59055493 , 0.0
6570.00864256 , 0.0
6571.42679989 , 0.0
6572.84502687 , 0.0
6574.26332345 , 0.0
6575.68168957 , 0.0
6577.10012517 , 0.0
6578.51863021 , 0.0
6579.93720463 , 0.0
6581.35584837 , 0.0
6582.77456138 , 0.0
6584.19334361 , 0.0
6585.61219499 , 0.0
6587.03111548 , 0.0
6588.45010502 , 0.0
6589.86916356 , 0.0
6591.28829104 , 0.0
6592.70748741 , 0.0
6594.12675261 , 0.0
6595.54608659 , 0.0
6596.9654893 , 0.0
6598.38496068 , 0.0
6599.80450067 , 0.0
6601.22410922 , 0.0
6602.64378628 , 0.0
6604.06353179 , 0.0
6605.4833457 , 0.0
6606.90322795 , 0.0
6608.3231785 , 0.0
6609.74319728 , 0.0
6611.16328424 , 0.0
6612.58343932 , 0.0
6614.00366248 , 0.0
6615.42395365 , 0.0
6616.84431279 , 0.0
6618.26473984 , 0.0
6619.68523474 , 0.0
6621.10579745 , 0.0
6623.94712604 , 0.0
6625.36789182 , 0.0
6626.78872519 , 0.0
6628.20962608 , 0.0
6629.63059445 , 0.0
6631.05163024 , 0.0
6632.47273339 , 0.0
6633.89390386 , 0.0
6635.31514159 , 0.0
6636.73644652 , 0.0
6638.1578186 , 0.0
6639.57925778 , 0.0
6641.000764 , 0.0
6642.42233721 , 0.0
6643.84397735 , 0.0
6645.26568437 , 0.0
6646.68745821 , 0.0
6648.10929883 , 0.0
6649.53120616 , 0.0
6650.95318015 , 0.0
6652.37522076 , 0.0
6653.79732792 , 0.0
6655.21950158 , 0.0
6656.64174168 , 0.0
6658.06404818 , 0.0
6659.48642102 , 0.0
6660.90886014 , 0.0
6662.3313655 , 0.0
6663.75393703 , 0.0
6665.17657468 , 0.0
6666.5992784 , 0.0
6668.02204813 , 0.0
6669.44488383 , 0.0
6670.86778543 , 0.0
6672.29075288 , 0.0
6673.71378614 , 0.0
6675.13688513 , 0.0
6676.56004982 , 0.0
6677.98328015 , 0.0
6679.40657606 , 0.0
6680.82993749 , 0.0
6682.25336441 , 0.0
6683.67685674 , 0.0
6685.10041444 , 0.0
6686.52403746 , 0.0
6687.94772573 , 0.0
6689.37147921 , 0.0
6690.79529784 , 0.0
6692.21918157 , 0.0
6693.64313035 , 0.0
6695.06714411 , 0.0
6696.49122281 , 0.0
6697.9153664 , 0.0
6699.33957481 , 0.0
6700.763848 , 0.0
6702.18818591 , 0.0
6703.61258849 , 0.0
6705.03705569 , 0.0
6706.46158744 , 0.0
6707.8861837 , 0.0
6709.31084441 , 0.0
6710.73556952 , 0.0
6712.16035898 , 0.0
6713.58521273 , 0.0
6715.01013072 , 0.0
6716.43511289 , 0.0
6717.86015919 , 0.0
6719.28526957 , 0.0
6720.71044397 , 0.0
6722.13568235 , 0.0
6723.56098463 , 0.0
6724.98635079 , 0.0
6726.41178075 , 0.0
6727.83727446 , 0.0
6729.26283188 , 0.0
6730.68845295 , 0.0
6732.11413761 , 0.0
6733.53988581 , 0.0
6734.9656975 , 0.0
6736.39157262 , 0.0
6737.81751112 , 0.0
6739.24351295 , 0.0
6740.66957806 , 0.0
6742.09570638 , 0.0
6743.52189787 , 0.0
6744.94815247 , 0.0
6746.37447013 , 6.13332
6747.8008508 , 8.17839
6749.22729442 , 9.49718
6750.65380094 , 23.181
6752.08037031 , 0.0
6753.50700246 , 0.0
6754.93369736 , 0.0
6756.36045494 , 0.0
6757.78727515 , 0.0
6759.21415794 , 0.0
6760.64110326 , 0.0
6762.06811105 , 0.0
6763.49518125 , 0.0
6764.92231383 , 13.491
6766.34950871 , 4.92109
6767.77676585 , 23.0124
6769.2040852 , 17.6929
6770.6314667 , 0.192398
6772.05891029 , 17.011
6773.48641593 , 8.22869
6774.91398357 , 17.9306
6776.34161314 , 0.0
6777.76930459 , 22.7567
6779.19705788 , 0.0
6780.62487295 , 0.0
6782.05274974 , 0.0
6783.48068821 , 0.0
6784.90868829 , 0.0
6786.33674994 , 0.0
6787.7648731 , 0.0
6789.19305773 , 0.0
6790.62130375 , 0.0
6793.47797982 , 0.0
6794.90640974 , 0.0
6796.33490086 , 0.0
6797.76345313 , 0.0
6799.19206647 , 0.0
6800.62074086 , 0.0
6802.04947622 , 0.0
6803.47827251 , 0.0
6804.90712968 , 0.0
6806.33604767 , 0.0
6807.76502642 , 0.0
6809.1940659 , 0.0
6810.62316603 , 0.0
6812.05232678 , 0.0
6813.48154808 , 0.0
6814.91082988 , 0.0
6816.34017214 , 0.0
6817.76957479 , 0.0
6819.19903779 , 0.0
6820.62856107 , 0.0
6822.0581446 , 0.0
6823.48778831 , 0.0
6824.91749216 , 0.0
6826.34725608 , 0.0
6827.77708003 , 0.0
6829.20696396 , 0.0
6830.63690781 , 0.0
6832.06691152 , 0.0
6833.49697505 , 0.0
6836.35728134 , 0.0
6837.787524 , 0.0
6839.21782626 , 0.0
6840.64818807 , 0.0
6842.07860938 , 0.0
6843.50909013 , 0.0
6844.93963028 , 0.0
6846.37022977 , 0.0
6847.80088854 , 0.0
6849.23160654 , 0.0
6850.66238373 , 0.0
6852.09322005 , 0.0
6853.52411544 , 0.0
6854.95506985 , 0.0
6856.38608324 , 0.0
6857.81715554 , 0.0
6859.2482867 , 0.0
6860.67947668 , 0.0
6862.11072542 , 0.0
6863.54203286 , 0.0
6864.97339896 , 0.0
6866.40482366 , 0.0
6867.83630691 , 0.0
6869.26784865 , 0.0
6870.69944884 , 0.0
6872.13110741 , 0.0
6873.56282433 , 0.0
6874.99459953 , 0.0
6876.42643296 , 0.0
6877.85832457 , 0.0
6879.29027431 , 0.0
6880.72228213 , 0.0
6882.15434797 , 0.0
6883.58647178 , 0.0
6885.0186535 , 0.0
6886.45089309 , 0.0
6887.8831905 , 0.0
6889.31554566 , 0.0
6890.74795853 , 0.0
6892.18042905 , 0.0
6893.61295718 , 0.0
6895.04554286 , 0.0
6896.47818603 , 0.0
6897.91088665 , 0.0
6899.34364466 , 0.0
6900.77646001 , 0.0
6902.20933265 , 0.0
6903.64226253 , 0.0
6905.07524958 , 0.0
6906.50829377 , 0.0
6907.94139504 , 0.0
6909.37455333 , 0.0
6910.80776859 , 0.0
6912.24104078 , 0.0
6913.67436984 , 25.073
6915.10775571 , 0.0
6916.54119834 , 0.0
6917.97469769 , 0.0
6919.4082537 , 42.1429
6920.84186631 , 67.9739
6922.27553548 , 58.5645
6923.70926115 , 119.141
6925.14304327 , 489.463
6926.57688179 , 6293.33
6928.01077666 , 29579.2
6929.44472781 , 49653.6
6930.87873521 , 42005.9
6932.3127988 , 14650.5
6933.74691853 , 1573.71
6935.18109434 , 201.442
6936.61532619 , 118.605
6938.04961401 , 52.4908
6939.48395776 , 0.0
6940.91835739 , 0.0
6942.35281285 , 0.0
6943.78732407 , 0.0
6945.22189102 , 0.0
6946.65651363 , 0.0
6948.09119186 , 0.0
6949.52592565 , 0.0
6950.96071495 , 0.0
6952.39555971 , 0.0
6953.83045988 , 0.0
6955.26541541 , 20.1784
6956.70042624 , 0.0
6958.13549232 , 0.0
6959.5706136 , 0.0
6961.00579002 , 0.0
6962.44102154 , 0.0
6963.87630811 , 0.0
6965.31164966 , 0.0
6966.74704616 , 0.0
6968.18249754 , 0.0
6969.61800376 , 0.0
6971.05356476 , 0.0
6972.48918049 , 0.0
6973.92485091 , 0.0
6975.36057595 , 0.0
6976.79635556 , 29.715
6978.2321897 , 0.0
6979.66807832 , 0.0
6981.10402135 , 0.0
6982.54001875 , 0.0
6983.97607047 , 0.0
6985.41217645 , 0.0
6986.84833665 , 0.0
6988.28455101 , 0.0
6989.72081947 , 0.0
6991.157142 , 0.0
6992.59351853 , 0.0
6994.02994901 , 0.0
6995.4664334 , 0.0
6996.90297163 , 0.0
6998.33956367 , 0.0
6999.77620945 , 0.0
7001.21290893 , 0.0
7002.64966205 , 0.0
7005.52332902 , 0.0
7006.96024276 , 0.0
7008.39720994 , 0.0
7009.83423051 , 0.0
7011.27130441 , 0.0
7012.70843159 , 0.0
7014.145612 , 0.0
7015.58284559 , 0.0
7017.02013231 , 0.0
7018.4574721 , 0.0
7019.89486492 , 0.0
7021.33231071 , 0.0
7022.76980942 , 0.0
7024.207361 , 0.0
7025.6449654 , 0.0
7027.08262256 , 0.0
7028.52033244 , 0.0
7029.95809499 , 0.0
7031.39591014 , 0.0
7032.83377786 , 0.0
7034.27169808 , 0.0
7035.70967076 , 0.0
7037.14769585 , 0.0
7038.5857733 , 0.0
7040.02390304 , 0.0
7041.46208504 , 0.0
7042.90031924 , 0.0
7044.33860558 , 0.0
7045.77694403 , 0.0
7047.21533452 , 0.0
7048.65377701 , 0.0
7050.09227143 , 0.0
7051.53081776 , 0.0
7052.96941592 , 0.0
7054.40806587 , 0.0
7055.84676756 , 0.0
7057.28552094 , 0.0
7058.72432595 , 0.0
7060.16318255 , 0.0
7061.60209068 , 0.0
7063.04105029 , 0.0
7064.48006133 , 0.0
7065.91912375 , 0.0
7067.3582375 , 0.0
7068.79740253 , 0.0
7070.23661878 , 0.0
7071.67588621 , 0.0
7073.11520476 , 0.0
7074.55457438 , 9.95146
7075.99399502 , 19.4972
7077.43346664 , 8.17208
7078.87298917 , 34.2512
7080.31256257 , 125.309
7081.75218679 , 201.908
7083.19186177 , 0.0
7084.63158746 , 0.0
7086.07136382 , 0.0
7087.51119079 , 0.0
7088.95106832 , 0.0
7090.39099637 , 0.0
7091.83097487 , 0.0
7093.27100378 , 0.0
7094.71108304 , 0.0
7096.15121261 , 0.0
7097.59139244 , 0.0
7099.03162247 , 0.0
7100.47190265 , 0.0
7101.91223294 , 0.0
7103.35261328 , 0.0
7104.79304361 , 0.0
7106.2335239 , 0.0
7107.67405408 , 0.0
7109.11463411 , 0.0
7110.55526394 , 0.0
7111.99594351 , 0.0
7113.43667278 , 0.0
7114.87745169 , 0.0
7116.31828019 , 0.0
7117.75915824 , 0.0
7119.20008578 , 0.0
7120.64106275 , 0.0
7122.08208912 , 0.0
7123.52316483 , 0.0
7124.96428982 , 0.0
7126.40546405 , 0.0
7127.84668747 , 0.0
7129.28796002 , 0.0
7130.72928166 , 13.6463
7132.17065233 , 17.6156
7133.61207199 , 6.74327
7135.05354058 , 16.1203
7136.49505805 , 0.0
7137.93662435 , 0.0
7139.37823943 , 0.0
7140.81990324 , 0.0
7142.26161573 , 0.0
7143.70337685 , 0.0
7145.14518655 , 0.0
7146.58704478 , 0.0
7148.02895148 , 0.0
7149.47090661 , 0.0
7150.91291011 , 0.0
7152.35496194 , 0.0
7153.79706204 , 0.0
7156.68140687 , 0.0
7158.12365149 , 0.0
7159.56594419 , 0.0
7162.45067359 , 0.0
7163.8931102 , 0.0
7165.33559468 , 0.0
7166.77812698 , 0.0
7168.22070704 , 0.0
7169.66333483 , 0.0
7171.10601029 , 0.0
7172.54873336 , 0.0
7173.991504 , 0.0
7175.43432215 , 0.0
7176.87718778 , 0.0
7178.32010082 , 0.0
7179.76306122 , 0.0
7181.20606894 , 0.0
7182.64912393 , 0.0
7184.09222613 , 0.0
7185.5353755 , 0.0
7186.97857198 , 0.0
7188.42181552 , 0.0
7189.86510608 , 0.0
7191.3084436 , 0.0
7192.75182803 , 23.7896
7194.19525933 , 0.0
7195.63873743 , 0.0
7197.0822623 , 0.0
7198.52583389 , 0.0
7199.96945213 , 0.0
7201.41311699 , 0.0
7202.8568284 , 0.0
7204.30058633 , 0.0
7205.74439072 , 0.0
7207.18824152 , 0.0
7208.63213868 , 0.0
7210.07608215 , 0.0
7211.52007188 , 0.0
7212.96410782 , 0.0
7214.40818993 , 0.0
7215.85231814 , 0.0
7217.29649241 , 0.0
7218.74071269 , 0.0
7220.18497893 , 0.0
7221.62929108 , 10.5616
7223.07364909 , 0.0
7224.51805291 , 0.0
7225.96250249 , 0.0
7227.40699778 , 0.0
7228.85153873 , 0.0
7230.29612528 , 0.0
7231.7407574 , 0.0
7233.18543503 , 0.0
7234.63015811 , 0.0
7236.07492661 , 42.0992
7237.51974047 , 43.0524
7238.96459963 , 115.057
7240.40950406 , 0.0
7241.85445369 , 0.0
7243.29944849 , 0.0
7244.7444884 , 0.0
7246.18957336 , 0.0
7247.63470334 , 0.0
7249.07987828 , 0.0
7250.52509813 , 0.0
7251.97036284 , 0.0
7253.41567236 , 0.0
7254.86102664 , 0.0
7256.30642563 , 0.0
7257.75186929 , 0.0
7259.19735756 , 0.0
7260.64289038 , 0.0
7262.08846773 , 0.0
7263.53408953 , 0.0
7264.97975575 , 0.0
7266.42546633 , 0.0
7267.87122123 , 0.0
7269.31702039 , 0.0
7270.76286376 , 0.0
7272.2087513 , 0.0
7273.65468295 , 0.0
7275.10065867 , 0.0
7276.5466784 , 0.0
7277.9927421 , 0.0
7279.43884972 , 0.0
7280.8850012 , 15.7482
7282.3311965 , 16.8202
7283.77743557 , 26.2257
7285.22371836 , 0.0
7286.67004481 , 25.5477
7288.11641489 , 26.5211
7289.56282853 , 34.5197
7291.00928569 , 26.824
7292.45578632 , 19.443
7293.90233038 , 39.5362
7295.34891781 , 13.5675
7296.79554855 , 15.1617
7298.24222257 , 18.4033
7299.68893982 , 16.3009
7301.13570023 , 17.8342
7302.58250377 , 25.2001
7304.02935039 , 13.1922
7305.47624003 , 23.5744
7306.92317265 , 26.7281
7308.37014819 , 6.60912
7309.81716661 , 0.0
7311.26422786 , 0.0
7312.71133189 , 0.0
7314.15847864 , 0.0
7315.60566808 , 20.9768
7317.05290014 , 0.0
7318.50017479 , 0.0
7319.94749197 , 0.0
7321.39485163 , 0.0
7324.2896982 , 0.0
7325.73718501 , 0.0
7327.18471411 , 0.0
7328.63228545 , 0.0
7330.07989897 , 0.0
7331.52755463 , 0.0
7332.97525238 , 0.0
7334.42299216 , 22.4638
7335.87077394 , 29.8696
7337.31859766 , 39.2469
7338.76646327 , 1.70251
7340.21437073 , 0.0
7341.66231997 , 0.0
7343.11031096 , 0.0
7344.55834365 , 116.564
7346.00641799 , 159.347
7347.45453392 , 0.0
7348.9026914 , 0.0
7350.35089037 , 0.0
7351.7991308 , 0.0
7354.69573581 , 0.0
7356.1441003 , 0.0
7357.59250603 , 0.0
7359.04095298 , 0.0
7360.48944108 , 0.0
7361.93797028 , 0.0
7363.38654055 , 0.0
7364.83515182 , 0.0
7366.28380405 , 0.0
7367.7324972 , 0.0
7369.1812312 , 0.0
7370.63000602 , 0.0
7372.07882161 , 0.0
7373.52767791 , 0.0
7374.97657488 , 40.4493
7376.42551246 , 0.0
7377.87449062 , 0.0
7379.32350929 , 0.0
7380.77256844 , 0.0
7382.221668 , 91.3848
7383.67080795 , 110.849
7385.11998821 , 102.429
7386.56920876 , 43.749
7388.01846953 , 22.1021
7389.46777048 , 5.5879
7390.91711156 , 0.0
7392.36649272 , 0.0
7393.81591391 , 0.0
7395.26537509 , 0.0
7396.7148762 , 0.0
7398.1644172 , 0.0
7399.61399803 , 0.0
7401.06361866 , 0.0
7402.51327902 , 0.0
7403.96297908 , 0.0
7405.41271878 , 0.0
7406.86249807 , 0.0
7408.31231692 , 0.0
7409.76217525 , 0.0
7411.21207304 , 0.0
7412.66201023 , 0.0
7414.11198676 , 0.0
7415.56200261 , 0.0
7417.0120577 , 0.0
7418.462152 , 0.0
7419.91228546 , 0.0
7421.36245803 , 0.0
7422.81266966 , 0.0
7424.2629203 , 0.0
7425.7132099 , 0.0
7427.16353842 , 0.0
7428.61390581 , 0.0
7430.06431201 , 0.0
7431.51475698 , 0.0
7432.96524068 , 0.0
7434.41576304 , 0.0
7435.86632403 , 0.0
7437.3169236 , 0.0
7438.7675617 , 0.0
7440.21823827 , 0.0
7441.66895328 , 0.0
7443.11970666 , 0.0
7444.57049839 , 0.0
7446.02132839 , 0.0
7447.47219664 , 0.0
7448.92310308 , 0.0
7450.37404765 , 0.0
7451.82503032 , 0.0
7453.27605104 , 0.0
7454.72710975 , 0.0
7456.1782064 , 0.0
7457.62934096 , 0.0
7459.08051337 , 0.0
7460.53172359 , 0.0
7461.98297156 , 0.0
7463.43425723 , 0.0
7464.88558057 , 0.0
7466.33694151 , 0.0
7467.78834002 , 0.0
7469.23977604 , 0.0
7470.69124953 , 0.0
7472.14276044 , 0.0
7473.59430872 , 0.0
7475.04589432 , 0.0
7476.49751719 , 0.0
7477.94917729 , 0.0
7479.40087457 , 0.0
7480.85260898 , 0.0
7482.30438047 , 0.0
7483.75618899 , 0.0
7485.2080345 , 0.0
7486.65991695 , 0.0
7488.11183628 , 0.0
7489.56379246 , 0.0
7491.01578544 , 0.0
7492.46781515 , 0.0
7493.91988157 , 0.0
7495.37198464 , 0.0
7496.82412431 , 0.0
7498.27630053 , 0.0
7499.72851326 , 0.0
7501.18076245 , 0.0
7502.63304805 , 0.0
7504.08537001 , 0.0
7505.53772828 , 0.0
7506.99012283 , 0.0
7508.44255359 , 0.0
7509.89502052 , 0.0
7511.34752358 , 0.0
7512.80006272 , 0.0
7514.25263788 , 0.0
7515.70524902 , 0.0
7517.15789609 , 0.0
7518.61057905 , 0.0
7520.06329785 , 0.0
7521.51605244 , 0.0
7522.96884276 , 0.0
7524.42166879 , 0.0
7525.87453045 , 0.0
7527.32742772 , 0.0
7528.78036054 , 0.0
7530.23332886 , 0.0
7531.68633263 , 0.0
7533.13937182 , 0.0
7534.59244636 , 0.0
7536.04555622 , 0.0
7537.49870134 , 0.0
7538.95188168 , 0.0
7540.40509719 , 0.0
7541.85834783 , 0.0
7543.31163353 , 0.0
7544.76495427 , 0.0
7546.21830998 , 0.0
7547.67170063 , 0.0
7549.12512616 , 0.0
7550.57858653 , 0.0
7552.03208169 , 0.0
7553.48561159 , 0.0
7554.93917619 , 0.0
7556.39277543 , 0.0
7557.84640928 , 0.0
7559.30007767 , 0.0
7560.75378057 , 0.0
7562.20751793 , 0.0
7563.6612897 , 0.0
7565.11509584 , 0.0
7566.56893628 , 0.0
7568.022811 , 0.0
7569.47671994 , 0.0
7570.93066305 , 0.0
7572.38464029 , 0.0
7573.8386516 , 0.0
7575.29269695 , 0.0
7576.74677629 , 0.0
7578.20088956 , 0.0
7579.65503671 , 0.0
7581.10921772 , 0.0
7582.56343251 , 0.0
7584.01768106 , 0.0
7585.47196331 , 0.0
7586.92627921 , 0.0
7588.38062871 , 0.0
7589.83501178 , 0.0
7591.28942836 , 0.0
7592.7438784 , 0.0
7594.19836186 , 0.0
7595.6528787 , 0.0
7597.10742885 , 0.0
7598.56201228 , 13.3555
7600.01662894 , 21.2307
7601.47127879 , 30.4053
7602.92596177 , 32.1917
7604.38067783 , 18.8796
7605.83542694 , 14.2887
7607.29020904 , 0.0
7608.74502409 , 0.0
7610.19987204 , 17.8413
7611.65475284 , 13.3807
7613.10966645 , 21.4853
7614.56461281 , 8.50901
7616.01959189 , 25.8118
7617.47460364 , 37.8673
7618.929648 , 0.0
7620.38472493 , 0.0
7621.83983439 , 0.0
7623.29497632 , 0.0
7624.75015068 , 0.0
7626.20535743 , 0.0
7627.66059651 , 0.0
7629.11586789 , 28.6613
7630.5711715 , 11.4018
7632.02650731 , 36.9826
7633.48187528 , 96.0006
7634.93727534 , 0.0
7636.39270746 , 0.0
7637.84817158 , 0.0
7639.30366767 , 17.4943
7640.75919568 , 0.0
7642.21475555 , 0.0
7643.67034724 , 0.0
7645.12597071 , 0.0
7646.58162591 , 0.0
7648.03731279 , 0.0
7649.4930313 , 0.0
7650.9487814 , 0.0
7652.40456304 , 0.0
7653.86037618 , 0.0
7655.31622076 , 11.5084
7656.77209674 , 0.0
7658.22800408 , 0.0
7659.68394273 , 0.0
7661.13991264 , 0.0
7662.59591376 , 0.0
7664.05194605 , 0.0
7665.50800946 , 0.0
7666.96410395 , 0.0
7668.42022946 , 0.0
7669.87638596 , 0.0
7671.33257339 , 0.0
7672.78879171 , 0.0
7674.24504087 , 0.0
7675.70132083 , 0.0
7677.15763154 , 0.0
7678.61397295 , 0.0
7680.07034501 , 0.0
7681.52674769 , 0.0
7682.98318093 , 0.0
7684.43964468 , 0.0
7685.89613891 , 0.0
7687.35266356 , 30.7473
7688.80921858 , 23.4452
7690.26580394 , 24.7224
7691.72241958 , 11.8351
7693.17906546 , 22.1816
7694.63574153 , 29.8231
7696.09244775 , 0.0
7697.54918407 , 0.0
7699.00595044 , 0.0
7700.46274681 , 0.0
7701.91957315 , 0.0
7703.3764294 , 0.0
7704.83331552 , 0.0
7706.29023146 , 0.0
7707.74717717 , 0.0
7709.20415262 , 0.0
7710.66115774 , 0.0
7712.1181925 , 0.0
7713.57525686 , 0.0
7715.03235075 , 0.0
7716.48947415 , 0.0
7717.94662699 , 0.0
7719.40380924 , 0.0
7720.86102086 , 0.0
7722.31826178 , 0.0
7723.77553197 , 0.0
7725.23283138 , 0.0
7726.69015997 , 0.0
7728.14751768 , 0.0
7729.60490448 , 0.0
7731.06232031 , 0.0
7732.51976513 , 0.0
7733.9772389 , 31.2704
7735.43474157 , 0.0
7736.89227309 , 0.0
7738.34983341 , 36.5744
7739.80742249 , 0.0
7741.26504029 , 0.0
7742.72268676 , 57.3941
7744.18036185 , 31.1143
7745.63806551 , 26.4535
7747.09579771 , 20.9018
7748.55355839 , 22.9503
7750.01134751 , 19.4681
7751.46916502 , 16.2829
7752.92701087 , 39.4589
7754.38488503 , 15.833
7755.84278744 , 18.6164
7757.30071807 , 19.6907
7758.75867685 , 18.8181
7760.21666375 , 9.49096
7761.67467872 , 33.3265
7763.13272172 , 22.973
7764.5907927 , 28.4506
7766.04889161 , 23.6248
7767.50701841 , 27.8713
7768.96517305 , 31.6758
7770.42335549 , 16.8365
7771.88156567 , 31.5979
7773.33980357 , 33.8623
7774.79806912 , 34.2397
7776.25636228 , 29.0241
7777.71468302 , 19.5149
7779.17303127 , 30.4375
7780.631407 , 23.1148
7782.08981017 , 17.0714
7783.54824071 , 11.575
7785.0066986 , 29.0524
7786.46518378 , 26.852
7787.92369621 , 25.5296
7789.38223584 , 10.1379
7790.84080262 , 16.9535
7792.29939652 , 21.6385
7793.75801748 , 0.0
7795.21666547 , 31.0051
7796.67534042 , 12.8171
7798.13404231 , 0.0
7799.59277108 , 0.0
7801.05152668 , 0.0
7802.51030908 , 0.0
7803.96911823 , 0.0
7805.42795407 , 0.0
7806.88681657 , 0.0
7808.34570569 , 0.0
7809.80462136 , 0.0
7811.26356356 , 0.0
7812.72253223 , 0.0
7814.18152732 , 0.0
7815.6405488 , 0.0
7817.09959662 , 0.0
7818.55867073 , 0.0
7820.01777109 , 0.0
7821.47689764 , 0.0
7822.93605036 , 0.0
7824.39522918 , 0.0
7825.85443407 , 0.0
7827.31366498 , 0.0
7828.77292186 , 0.0
7830.23220467 , 0.0
7831.69151336 , 0.0
7833.1508479 , 0.0
7834.61020823 , 0.0
7836.0695943 , 0.0
7837.52900608 , 0.0
7838.98844351 , 0.0
7840.44790656 , 0.0
7841.90739517 , 0.0
7843.36690931 , 0.0
7844.82644892 , 0.0
7846.28601396 , 0.0
7847.74560439 , 0.0
7849.20522016 , 0.0
7850.66486123 , 0.0
7852.12452754 , 0.0
7853.58421906 , 0.0
7855.04393575 , 0.0
7856.50367754 , 0.0
7857.96344441 , 0.0
7859.4232363 , 0.0
7860.88305317 , 0.0
7862.34289498 , 0.0
7863.80276168 , 0.0
7865.26265322 , 0.0
7866.72256956 , 0.0
7868.18251066 , 0.0
7869.64247646 , 0.0
7871.10246693 , 0.0
7872.56248202 , 0.0
7874.02252168 , 0.0
7875.48258588 , 0.0
7876.94267455 , 0.0
7878.40278767 , 0.0
7879.86292518 , 0.0
7881.32308705 , 0.0
7882.78327321 , 0.0
7884.24348364 , 0.0
7885.70371828 , 0.0
7887.16397709 , 0.0
7888.62426003 , 0.0
7890.08456705 , 0.0
7891.5448981 , 0.0
7893.00525315 , 0.0
7894.46563214 , 0.0
7895.92603503 , 0.0
7897.38646177 , 0.0
7898.84691233 , 0.0
7900.30738666 , 0.0
7901.7678847 , 0.0
7903.22840643 , 0.0
7904.68895179 , 0.0
7906.14952073 , 0.0
7907.61011322 , 0.0
7909.0707292 , 0.0
7910.53136864 , 0.0
7911.99203149 , 0.0
7913.4527177 , 0.0
7914.91342723 , 0.0
7916.37416004 , 0.0
7917.83491607 , 0.0
7919.29569529 , 0.0
7920.75649765 , 0.0
7922.21732311 , 0.0
7923.67817162 , 0.0
7925.13904314 , 0.0
7926.59993761 , 0.0
7928.06085501 , 0.0
7929.52179528 , 0.0
7930.98275838 , 0.0
7932.44374426 , 0.0
7933.90475288 , 0.0
7935.36578419 , 0.0
7936.82683816 , 0.0
7938.28791473 , 0.0
7939.74901387 , 0.0
7941.21013552 , 0.0
7942.67127964 , 0.0
7944.13244619 , 0.0
7945.59363513 , 0.0
7947.0548464 , 0.0
7948.51607997 , 0.0
7949.97733579 , 0.0
7951.43861381 , 0.0
7952.899914 , 0.0
7954.3612363 , 0.0
7955.82258068 , 0.0
7957.28394708 , 0.0
7958.74533547 , 0.0
7960.2067458 , 0.0
7961.66817802 , 0.0
7963.12963209 , 0.0
7964.59110797 , 0.0
7966.05260562 , 0.0
7967.51412498 , 0.0
7968.97566601 , 0.0
7970.43722868 , 0.0
7971.89881292 , 0.0
7973.36041872 , 0.0
7974.822046 , 0.0
7976.28369474 , 0.0
7977.74536489 , 0.0
7979.2070564 , 0.0
7980.66876923 , 0.0
7982.13050334 , 0.0
7983.59225868 , 0.0
7985.05403521 , 0.0
7986.51583288 , 0.0
7987.97765165 , 0.0
7989.43949147 , 0.0
7990.90135231 , 0.0
7992.36323411 , 0.0
7993.94696301 , 0.0
7995.6525446 , 0.0
7997.23632432 , 0.0
7998.69829647 , 0.0

