7411.21207304 , 0.0
7412.66201023 , 0.0
7414.11198676 , 0.0
7415.56200261 , 0.0
7417.0120577 , 0.0
7418.462152 , 0.0
7419.91228546 , 0.0
7421.36245803 , 0.0
7422.81266966 , 0.0
7424.2629203 , 0.0
7425.7132099 , 0.0
7427.16353842 , 0.0
7428.61390581 , 0.0
7430.06431201 , 0.0
7431.51475698 , 0.0
7432.96524068 , 0.0
7434.41576304 , 0.0
7435.86632403 , 0.0
7437.3169236 , 0.0
7438.7675617 , 0.0
7440.21823827 , 0.0
7441.66895328 , 0.0
7443.11970666 , 0.0
7444.57049839 , 0.0
7446.02132839 , 0.0
7447.47219664 , 0.0
7448.92310308 , 0.0
7450.37404765 , 0.0
7451.82503032 , 0.0
7453.27605104 , 0.0
7454.72710975 , 0.0
7456.1782064 , 0.0
7457.62934096 , 0.0
7459.08051337 , 0.0
7460.53172359 , 0.0
7461.98297156 , 0.0
7463.43425723 , 0.0
7464.88558057 , 0.0
7466.33694151 , 0.0
7467.78834002 , 0.0
7469.23977604 , 0.0
7470.69124953 , 0.0
7472.14276044 , 0.0
7473.59430872 , 0.0
7475.04589432 , 0.0
7476.49751719 , 0.0
7477.94917729 , 0.0
7479.40087457 , 0.0
7480.85260898 , 0.0
7482.30438047 , 0.0
7483.75618899 , 0.0
7485.2080345 , 0.0
7486.65991695 , 0.0
7488.11183628 , 0.0
7489.56379246 , 0.0
7491.01578544 , 0.0
7492.46781515 , 0.0
7493.91988157 , 0.0
7495.37198464 , 0.0
7496.82412431 , 0.0
7498.27630053 , 0.0
7499.72851326 , 0.0
7501.18076245 , 0.0
7502.63304805 , 0.0
7504.08537001 , 0.0
7505.53772828 , 0.0
7506.99012283 , 0.0
7508.44255359 , 0.0
7509.89502052 , 0.0
7511.34752358 , 0.0
7512.80006272 , 0.0
7514.25263788 , 0.0
7515.70524902 , 0.0
7517.15789609 , 0.0
7518.61057905 , 0.0
7520.06329785 , 0.0
7521.51605244 , 0.0
7522.96884276 , 0.0
7524.42166879 , 0.0
7525.87453045 , 0.0
7527.32742772 , 0.0
7528.78036054 , 0.0
7530.23332886 , 0.0
7531.68633263 , 0.0
7533.13937182 , 0.0
7534.59244636 , 0.0
7536.04555622 , 0.0
7537.49870134 , 0.0
7538.95188168 , 0.0
7540.40509719 , 0.0
7541.85834783 , 0.0
7543.31163353 , 0.0
7544.76495427 , 0.0
7546.21830998 , 0.0
7547.67170063 , 0.0
7549.12512616 , 0.0
7550.57858653 , 0.0
7552.03208169 , 0.0
7553.48561159 , 0.0
7554.93917619 , 0.0
7556.39277543 , 0.0
7557.84640928 , 0.0
7559.30007767 , 0.0
7560.75378057 , 0.0
7562.20751793 , 0.0
7563.6612897 , 0.0
7565.11509584 , 0.0
7566.56893628 , 0.0
7568.022811 , 0.0
7569.47671994 , 0.0
7570.93066305 , 0.0
7572.38464029 , 0.0
7573.8386516 , 0.0
7575.29269695 , 0.0
7576.74677629 , 0.0
7578.20088956 , 0.0
7579.65503671 , 0.0
7581.10921772 , 0.0
7582.56343251 , 0.0
7584.01768106 , 0.0
7585.47196331 , 0.0
7586.92627921 , 0.0
7588.38062871 , 0.0
7589.83501178 , 0.0
7591.28942836 , 0.0
7592.7438784 , 0.0
7594.19836186 , 0.0
7595.6528787 , 0.0
7597.10742885 , 0.0
7598.56201228 , 13.3555
7600.01662894 , 21.2307
7601.47127879 , 30.4053
7602.92596177 , 32.1917
7604.38067783 , 18.8796
7605.83542694 , 14.2887
7607.29020904 , 0.0
7608.74502409 , 0.0
7610.19987204 , 17.8413
7611.65475284 , 13.3807
7613.10966645 , 21.4853
7614.56461281 , 8.50901
7616.01959189 , 25.8118
7617.47460364 , 37.8673
7618.929648 , 0.0
7620.38472493 , 0.0
7621.83983439 , 0.0
7623.29497632 , 0.0
7624.75015068 , 0.0
7626.20535743 , 0.0
7627.66059651 , 0.0
7629.11586789 , 28.6613
7630.5711715 , 11.4018
7632.02650731 , 36.9826
7633.48187528 , 96.0006
7634.93727534 , 0.0
7636.39270746 , 0.0
7637.84817158 , 0.0
7639.30366767 , 17.4943
7640.75919568 , 0.0
7642.21475555 , 0.0
7643.67034724 , 0.0
7645.12597071 , 0.0
7646.58162591 , 0.0
7648.03731279 , 0.0
7649.4930313 , 0.0
7650.9487814 , 0.0
7652.40456304 , 0.0
7653.86037618 , 0.0
7655.31622076 , 11.5084
7656.77209674 , 0.0
7658.22800408 , 0.0
7659.68394273 , 0.0
7661.13991264 , 0.0
7662.59591376 , 0.0
7664.05194605 , 0.0
7665.50800946 , 0.0
7666.96410395 , 0.0
7668.42022946 , 0.0
7669.87638596 , 0.0
7671.33257339 , 0.0
7672.78879171 , 0.0
7674.24504087 , 0.0
7675.70132083 , 0.0
7677.15763154 , 0.0
7678.61397295 , 0.0
7680.07034501 , 0.0
7681.52674769 , 0.0
7682.98318093 , 0.0
7684.43964468 , 0.0
7685.89613891 , 0.0
7687.35266356 , 30.7473
7688.80921858 , 23.4452
7690.26580394 , 24.7224
7691.72241958 , 11.8351
7693.17906546 , 22.1816
7694.63574153 , 29.8231
7696.09244775 , 0.0
7697.54918407 , 0.0
7699.00595044 , 0.0
7700.46274681 , 0.0
7701.91957315 , 0.0
7703.3764294 , 0.0
7704.83331552 , 0.0
7706.29023146 , 0.0
7707.74717717 , 0.0
7709.20415262 , 0.0
7710.66115774 , 0.0
7712.1181925 , 0.0
7713.57525686 , 0.0
7715.03235075 , 0.0
7716.48947415 , 0.0
7717.94662699 , 0.0
7719.40380924 , 0.0
7720.86102086 , 0.0
7722.31826178 , 0.0
7723.77553197 , 0.0
7725.23283138 , 0.0
7726.69015997 , 0.0
7728.14751768 , 0.0
7729.60490448 , 0.0
7731.06232031 , 0.0
7732.51976513 , 0.0
7733.9772389 , 31.2704
7735.43474157 , 0.0
7736.89227309 , 0.0
7738.34983341 , 36.5744
7739.80742249 , 0.0
7741.26504029 , 0.0
7742.72268676 , 57.3941
7744.18036185 , 31.1143
7745.63806551 , 26.4535
7747.09579771 , 20.9018
7748.55355839 , 22.9503
7750.01134751 , 19.4681
7751.46916502 , 16.2829
7752.92701087 , 39.4589
7754.38488503 , 15.833
7755.84278744 , 18.6164
7757.30071807 , 19.6907
7758.75867685 , 18.8181
7760.21666375 , 9.49096
7761.67467872 , 33.3265
7763.13272172 , 22.973
7764.5907927 , 28.4506
7766.04889161 , 23.6248
7767.50701841 , 27.8713
7768.96517305 , 31.6758
7770.42335549 , 16.8365
7771.88156567 , 31.5979
7773.33980357 , 33.8623
7774.79806912 , 34.2397
7776.25636228 , 29.0241
7777.71468302 , 19.5149
7779.17303127 , 30.4375
7780.631407 , 23.1148
7782.08981017 , 17.0714
7783.54824071 , 11.575
7785.0066986 , 29.0524
7786.46518378 , 26.852
7787.92369621 , 25.5296
7789.38223584 , 10.1379
7790.84080262 , 16.9535
7792.29939652 , 21.6385
7793.75801748 , 0.0
7795.21666547 , 31.0051
7796.67534042 , 12.8171
7798.13404231 , 0.0
7799.59277108 , 0.0
7801.05152668 , 0.0
7802.51030908 , 0.0
7803.96911823 , 0.0
7805.42795407 , 0.0
7806.88681657 , 0.0
7808.34570569 , 0.0
7809.80462136 , 0.0
7811.26356356 , 0.0
7812.72253223 , 0.0
7814.18152732 , 0.0
7815.6405488 , 0.0
7817.09959662 , 0.0
7818.55867073 , 0.0
7820.01777109 , 0.0
7821.47689764 , 0.0
7822.93605036 , 0.0
7824.39522918 , 0.0
7825.85443407 , 0.0
7827.31366498 , 0.0
7828.77292186 , 0.0
7830.23220467 , 0.0
7831.69151336 , 0.0
7833.1508479 , 0.0
7834.61020823 , 0.0
7836.0695943 , 0.0
7837.52900608 , 0.0
7838.98844351 , 0.0
7840.44790656 , 0.0
7841.90739517 , 0.0
7843.36690931 , 0.0
7844.82644892 , 0.0
7846.28601396 , 0.0
7847.74560439 , 0.0
7849.20522016 , 0.0
7850.66486123 , 0.0
7852.12452754 , 0.0
7853.58421906 , 0.0
7855.04393575 , 0.0
7856.50367754 , 0.0
7857.96344441 , 0.0
7859.4232363 , 0.0
7860.88305317 , 0.0
7862.34289498 , 0.0
7863.80276168 , 0.0
7865.26265322 , 0.0
7866.72256956 , 0.0
7868.18251066 , 0.0
7869.64247646 , 0.0
7871.10246693 , 0.0
7872.56248202 , 0.0
7874.02252168 , 0.0
7875.48258588 , 0.0
7876.94267455 , 0.0
7878.40278767 , 0.0
7879.86292518 , 0.0
7881.32308705 , 0.0
7882.78327321 , 0.0
7884.24348364 , 0.0
7885.70371828 , 0.0
7887.16397709 , 0.0
7888.62426003 , 0.0
7890.08456705 , 0.0
7891.5448981 , 0.0
7893.00525315 , 0.0
7894.46563214 , 0.0
7895.92603503 , 0.0
7897.38646177 , 0.0
7898.84691233 , 0.0
7900.30738666 , 0.0
7901.7678847 , 0.0
7903.22840643 , 0.0
7904.68895179 , 0.0
7906.14952073 , 0.0
7907.61011322 , 0.0
7909.0707292 , 0.0
7910.53136864 , 0.0
7911.99203149 , 0.0
7913.4527177 , 0.0
7914.91342723 , 0.0
7916.37416004 , 0.0
7917.83491607 , 0.0
7919.29569529 , 0.0
7920.75649765 , 0.0
7922.21732311 , 0.0
7923.67817162 , 0.0
7925.13904314 , 0.0
7926.59993761 , 0.0
7928.06085501 , 0.0
7929.52179528 , 0.0
7930.98275838 , 0.0
7932.44374426 , 0.0
7933.90475288 , 0.0
7935.36578419 , 0.0
7936.82683816 , 0.0
7938.28791473 , 0.0
7939.74901387 , 0.0
7941.21013552 , 0.0
7942.67127964 , 0.0
7944.13244619 , 0.0
7945.59363513 , 0.0
7947.0548464 , 0.0
7948.51607997 , 0.0
7949.97733579 , 0.0
7951.43861381 , 0.0
7952.899914 , 0.0
7954.3612363 , 0.0
7955.82258068 , 0.0
7957.28394708 , 0.0
7958.74533547 , 0.0
7960.2067458 , 0.0
7961.66817802 , 0.0
7963.12963209 , 0.0
7964.59110797 , 0.0
7966.05260562 , 0.0
7967.51412498 , 0.0
7968.97566601 , 0.0
7970.43722868 , 0.0
7971.89881292 , 0.0
7973.36041872 , 0.0
7974.822046 , 0.0
7976.28369474 , 0.0
7977.74536489 , 0.0
7979.2070564 , 0.0
7980.66876923 , 0.0
7982.13050334 , 0.0
7983.59225868 , 0.0
7985.05403521 , 0.0
7986.51583288 , 0.0
7987.97765165 , 0.0
7989.43949147 , 0.0
7990.90135231 , 0.0
7992.36323411 , 0.0
7993.94696301 , 0.0
7995.6525446 , 0.0
7997.23632432 , 0.0
7998.69829647 , 0.0
8000.16028935 , 0.0
8001.62230292 , 0.0
8003.08433713 , 0.0
8004.54639194 , 0.0
8006.00846731 , 59.5827
8007.47056318 , 65.6505
8008.93267953 , 34.1488
8010.3948163 , 0.0
8011.85697345 , 0.0
8013.31915093 , 0.0
8014.78134871 , 0.0
8016.24356673 , 0.0
8017.70580496 , 0.0
8019.16806335 , 0.0
8020.63034185 , 0.0
8022.09264043 , 0.0
8023.55495904 , 0.0
8025.01729763 , 0.0
8026.47965616 , 0.0
8027.94203458 , 16.4325
8029.40443286 , 0.0
8030.86685095 , 0.0
8032.3292888 , 0.0
8033.79174638 , 0.0
8035.25422363 , 0.0
8036.71672052 , 0.0
8038.179237 , 0.0
8039.64177302 , 0.0
8041.10432855 , 0.0
8042.56690353 , 0.0
8044.02949793 , 0.0
8045.4921117 , 24.8499
8046.9547448 , 0.0
8048.41739719 , 0.0
8049.88006881 , 0.0
8051.34275963 , 0.0
8052.8054696 , 0.0
8054.26819869 , 0.0
8055.73094683 , 0.0
8057.193714 , 0.0
8058.65650015 , 0.0
8060.11930524 , 0.0
8061.58212921 , 0.0
8063.04497203 , 0.0
8064.50783366 , 0.0
8065.97071405 , 0.0
8067.43361315 , 0.0
8068.89653092 , 0.0
8070.35946733 , 0.0
8071.82242232 , 0.0
8073.28539586 , 7.37315
8074.74838789 , 23.6759
8076.21139838 , 0.0
8077.67442729 , 0.0
8079.13747456 , 0.0
8080.60054015 , 0.0
8082.06362403 , 0.0
8083.52672615 , 0.0
8084.98984646 , 0.0
8086.45298492 , 0.0
8087.91614149 , 0.0
8089.37931613 , 0.0
8090.84250878 , 0.0
8092.30571942 , 0.0
8093.76894799 , 0.0
8095.23219445 , 0.0
8096.69545876 , 0.0
8098.15874087 , 0.0
8099.62204074 , 0.0
8101.08535833 , 0.0
8102.5486936 , 0.0
8104.01204649 , 136.703
8105.47541698 , 135.269
8106.93880501 , 39.1263
8108.40221054 , 54.0151
8109.86563353 , 42.1932
8111.32907393 , 35.2324
8112.7925317 , 0.0
8114.25600681 , 0.0
8115.7194992 , 0.0
8117.18300883 , 0.0
8118.64653565 , 0.0
8120.11007964 , 0.0
8121.57364073 , 135.202
8123.0372189 , 0.0
8124.50081409 , 37.3352
8125.96442627 , 32.105
8127.42805538 , 74.2626
8128.89170139 , 131.704
8130.35536425 , 150.597
8131.81904393 , 102.627
8133.28274037 , 134.446
8134.74645354 , 811.763
8136.21018338 , 1835.9
8137.67392987 , 1889.05
8139.13769295 , 934.648
8140.60147258 , 194.851
8142.06526872 , 39.3786
8143.52908132 , 26.4322
8144.99291035 , 16.9878
8146.45675576 , 0.0
8147.92061751 , 16.4957
8149.38449555 , 26.245
8150.84838984 , 0.0
8152.31230033 , 26.437
8153.776227 , 25.814
8155.24016978 , 23.2417
8156.70412864 , 21.5209
8158.16810354 , 29.7509
8159.63209444 , 11.2576
8161.09610128 , 51.2016
8162.56012403 , 33.1488
8164.02416265 , 50.1376
8165.48821708 , 25.59
8166.9522873 , 48.2264
8168.41637325 , 26.3798
8169.8804749 , 48.8224
8171.34459219 , 25.3577
8172.80872509 , 36.8883
8174.27287356 , 22.9225
8175.73703755 , 18.8199
8177.20121702 , 11.1754
8178.66541192 , 46.9628
8180.12962222 , 36.1264
8181.59384786 , 28.583
8183.05808882 , 24.4121
8184.52234504 , 32.5194
8185.98661648 , 0.0
8187.45090311 , 0.0
8188.91520487 , 0.0
8190.37952172 , 0.0
8191.84385363 , 0.0
8193.30820054 , 0.0
8194.77256242 , 0.0
8196.23693923 , 0.0
8197.70133091 , 67.0753
8199.16573744 , 71.2641
8200.63015876 , 95.078
8202.09459483 , 79.264
8203.55904561 , 38.3299
8205.02351106 , 23.523
8206.48799114 , 0.0
8207.9524858 , 0.0
8209.41699499 , 0.0
8210.88151869 , 0.0
8212.34605684 , 0.0
8213.8106094 , 0.0
8215.27517634 , 0.0
8216.7397576 , 0.0
8218.20435314 , 0.0
8219.66896293 , 0.0
8221.13358692 , 0.0
8222.59822506 , 0.0
8224.06287732 , 0.0
8225.52754365 , 0.0
8226.99222401 , 0.0
8228.45691836 , 0.0
8229.92162665 , 25.6011
8231.38634885 , 31.3767
8232.85108491 , 26.029
8234.31583478 , 28.4742
8235.78059843 , 8.12116
8237.24537581 , 10.4223
8238.71016689 , 20.2386
8240.17497161 , 12.0042
8241.63978993 , 28.6916
8243.10462182 , 28.809
8244.56946724 , 36.9572
8246.03432613 , 23.8847
8247.49919845 , 48.45
8248.96408417 , 0.0
8250.42898325 , 0.0
8251.89389563 , 0.0
8253.35882128 , 0.0
8254.82376016 , 0.0
8256.28871221 , 0.0
8257.75367741 , 0.0
8259.21865571 , 364.729
8260.68364706 , 311.471
8262.14865143 , 196.226
8263.61366877 , 195.964
8265.07869903 , 545.239
8266.54374219 , 936.49
8268.00879819 , 0.0
8269.47386699 , 265.337
8270.93894855 , 51.8056
8272.40404283 , 39.1357
8273.86914979 , 39.1537
8275.33426939 , 25.5209
8276.79940157 , 24.6669
8278.2645463 , 19.923
8279.72970355 , 33.66
8281.19487325 , 0.0
8282.66005539 , 0.0
8284.1252499 , 0.0
8285.59045675 , 0.0
8287.0556759 , 0.0
8288.52090731 , 0.0
8289.98615093 , 0.0
8291.45140672 , 0.0
8292.91667464 , 0.0
8294.38195465 , 0.0
8295.8472467 , 0.0
8297.31255075 , 0.0
8298.77786677 , 1719.33
8300.24319471 , 3753.27
8301.70853452 , 3867.38
8303.17388617 , 1843.35
8304.63924961 , 321.17
8306.10462481 , 38.1599
8307.57001171 , 42.1898
8309.03541028 , 0.0
8310.50082048 , 0.0
8311.96624226 , 0.0
8313.43167559 , 0.0
8314.89712041 , 0.0
8316.36257669 , 27.7023
8317.82804439 , 0.0
8328.08663442 , 0.0
8329.55219194 , 0.0
8331.01776051 , 0.0
8332.48334007 , 0.0
8333.94893059 , 0.0
8335.41453202 , 0.0
8336.88014432 , 0.0
8338.34576746 , 0.0
8339.81140139 , 0.0
8341.27704606 , 0.0
8342.74270144 , 0.0
8344.20836749 , 0.0
8345.67404415 , 0.0
8347.1397314 , 0.0
8348.60542919 , 0.0
8350.07113747 , 0.0
8351.53685622 , 0.0
8353.00258537 , 0.0
8354.4683249 , 0.0
8355.93407476 , 0.0
8357.39983491 , 45.2292
8358.86560531 , 40.0054
8360.33138591 , 28.4187
8361.79717668 , 29.921
8363.26297757 , 115.633
8364.72878855 , 304.558
8366.19460956 , 545.245
8367.66044057 , 419.269
8369.12628154 , 171.214
8370.59213242 , 57.164
8372.05799318 , 0.0
8373.52386377 , 0.0
8374.98974416 , 0.0
8376.45563429 , 0.0
8377.92153413 , 0.0
8379.38744363 , 0.0
8380.85336276 , 0.0
8382.31929148 , 0.0
8383.78522973 , 0.0
8385.25117749 , 0.0
8386.7171347 , 31.9289
8388.18310134 , 39.479
8389.64907735 , 47.644
8391.11506269 , 31.6021
8392.58105733 , 0.0
8394.04706122 , 0.0
8395.51307432 , 0.0
8396.97909659 , 31.4379
8398.44512799 , 33.1368
8399.91116848 , 22.5568
8401.37721801 , 45.0493
8402.84327654 , 44.8956
8404.30934404 , 22.1224
8405.77542046 , 56.7518
8407.24150576 , 113.9
8408.7075999 , 0.0
8410.17370283 , 0.0
8411.63981452 , 0.0
8413.10593493 , 0.0
8414.57206401 , 0.0
8416.03820172 , 673.811
8417.50434803 , 2358.32
8418.97050288 , 3369.26
8420.43666624 , 2498.7
8421.90283807 , 0.0
8423.36901833 , 0.0
8424.83520697 , 0.0
8426.30140395 , 0.0
8427.76760924 , 0.0
8429.23382279 , 0.0
8430.70004456 , 0.0
8432.16627451 , 0.0
8433.63251259 , 0.0
8435.09875878 , 0.0
8436.56501302 , 0.0
8438.03127527 , 0.0
8439.4975455 , 0.0
8440.96382366 , 0.0
8442.43010971 , 0.0
8443.89640361 , 0.0
8445.36270532 , 0.0
8446.8290148 , 0.0
8448.295332 , 0.0
8449.76165689 , 0.0
8451.22798943 , 0.0
8452.69432957 , 0.0
8454.16067727 , 0.0
8455.6270325 , 0.0
8457.0933952 , 35.6638
8458.55976535 , 53.5166
8460.02614289 , 35.4179
8461.49252779 , 173.904
8462.95892001 , 381.584
8464.42531951 , 411.257
8465.89172624 , 251.149
8467.35814016 , 0.0
8468.82456124 , 0.0
8470.29098942 , 0.0
8471.75742468 , 0.0
8473.22386697 , 0.0
8474.69031625 , 0.0
8476.15677248 , 0.0
8477.62323561 , 0.0
8479.08970562 , 0.0
8480.55618244 , 0.0
8482.02266605 , 0.0
8483.48915641 , 0.0
8484.95565347 , 0.0
8486.42215719 , 0.0
8487.88866753 , 0.0
8489.35518446 , 0.0
8490.82170792 , 0.0
8492.28823788 , 0.0
8493.75477431 , 0.0
8495.22131714 , 0.0
8496.68786636 , 0.0
8498.15442191 , 0.0
8499.62098375 , 0.0
8501.08755186 , 0.0
8502.55412617 , 59.3046
8504.02070666 , 37.6419
8505.48729327 , 49.7172
8506.95388598 , 51.7906
8508.42048474 , 40.3216
8509.88708952 , 26.5141
8511.35370026 , 45.2291
8512.82031692 , 34.8612
8514.28693948 , 26.7448
8515.75356788 , 0.0
8517.22020209 , 0.0
8518.68684207 , 0.0
8520.15348777 , 0.0
8521.62013916 , 0.0
8523.08679619 , 0.0
8524.55345882 , 0.0
8526.02012701 , 0.0
8527.48680073 , 0.0
8528.95347993 , 0.0
8530.42016457 , 0.0
8531.88685461 , 23.9856
8533.35355001 , 27.8551
8534.82025073 , 33.517
8536.28695673 , 42.5586
8537.75366796 , 42.8593
8539.2203844 , 15.2607
8540.68710599 , 29.4967
8542.15383269 , 52.978
8543.62056447 , 113.94
8545.08730129 , 0.0
8546.5540431 , 0.0
8548.02078987 , 0.0
8549.48754155 , 0.0
8550.9542981 , 0.0
8552.42105949 , 0.0
8553.88782567 , 0.0
8555.3545966 , 0.0
8556.82137224 , 0.0
8558.28815255 , 0.0
8559.7549375 , 0.0
8561.22172703 , 0.0
8562.68852111 , 0.0
8564.15531971 , 0.0
8565.62212277 , 0.0
8567.08893026 , 0.0
8568.55574214 , 0.0
8570.02255836 , 193.632
8571.4893789 , 338.787
8572.9562037 , 288.656
8574.42303273 , 169.737
8575.88986594 , 54.8739
8577.3567033 , 46.3571
8578.82354476 , 0.0
8580.29039029 , 0.0
8581.75723985 , 0.0
8583.22409339 , 0.0
8584.69095087 , 0.0
8586.15781226 , 0.0
8587.62467751 , 114.74
8589.09154659 , 1100.01
8590.55841945 , 3778.67
8592.02529605 , 4904.04
8593.49217635 , 3502.79
8594.95906032 , 989.153
8596.42594791 , 71.9002
8597.89283908 , 41.7089
8599.35973379 , 25.0697
8600.826632 , 0.0
8602.29353368 , 0.0
8603.76043878 , 0.0
8605.22734725 , 0.0
8606.69425907 , 0.0
8608.16117419 , 0.0
8609.62809257 , 0.0
8611.09501417 , 0.0
8612.56193894 , 0.0
8614.02886686 , 45.8098
8615.49579788 , 26.8663
8616.96273196 , 21.49
8618.42966905 , 31.4624
8619.89660913 , 43.0566
8621.36355215 , 26.3421
8622.83049806 , 30.5476
8624.29744683 , 32.8542
8625.76439843 , 0.0
8627.2313528 , 0.0
8628.69830991 , 0.0
8630.16526971 , 0.0
8631.63223218 , 0.0
8633.09919727 , 0.0
8634.56616493 , 0.0
8636.03313513 , 0.0
8637.50010783 , 0.0
8638.96708299 , 0.0
8640.43406057 , 0.0
8641.90104052 , 44.0926
8643.36802282 , 0.0
8644.83500741 , 0.0
8646.30199426 , 0.0
8647.76898333 , 0.0
8649.23597457 , 0.0
8650.70296796 , 0.0
8652.16996344 , 0.0
8653.63696098 , 0.0
8655.10396054 , 0.0
8656.57096208 , 0.0
8658.03796556 , 0.0
8659.50497094 , 0.0
8660.97197817 , 0.0
8662.43898722 , 0.0
8663.90599806 , 0.0
8665.37301063 , 0.0
8666.8400249 , 0.0
8668.30704083 , 0.0
8669.77405838 , 0.0
8671.24107751 , 28.4181
8672.70809818 , 52.6876
8674.17512034 , 35.2555
8675.64214397 , 58.8216
8677.10916902 , 239.214
8678.57619545 , 1027.19
8680.04322322 , 1918.59
8681.51025229 , 0.0
8682.97728262 , 0.0
8684.44431417 , 0.0
8685.9113469 , 0.0
8687.37838078 , 0.0
8688.84541575 , 0.0
8690.31245179 , 0.0
8691.77948885 , 0.0
8693.24652689 , 0.0
8694.71356588 , 0.0
8696.18060576 , 0.0
8697.64764651 , 0.0
8699.11468809 , 0.0
8700.58173045 , 0.0
8702.04877355 , 0.0
8703.51581735 , 0.0
8704.98286182 , 0.0
8706.44990691 , 0.0
8707.91695259 , 0.0
8709.38399882 , 0.0
8710.85104555 , 0.0
8712.31809274 , 0.0
8713.78514036 , 0.0
8715.25218837 , 0.0
8716.71923673 , 0.0
8718.18628539 , 0.0
8719.65333432 , 0.0
8721.12038348 , 0.0
8722.58743283 , 0.0
8724.05448232 , 0.0
8725.52153193 , 37.6423
8726.9885816 , 37.7811
8728.45563131 , 24.645
8729.922681 , 17.536
8731.38973065 , 40.5786
8732.8567802 , 36.0954
8734.32382963 , 30.9432
8735.79087889 , 27.9194
8737.25792794 , 0.0
8738.72497675 , 0.0
8740.19202527 , 0.0
8741.65907346 , 0.0
8743.12612128 , 0.0
8744.5931687 , 0.0
8746.06021568 , 0.0
8747.52726217 , 0.0
8748.99430814 , 0.0
8750.46135354 , 0.0
8751.92839835 , 0.0
8753.39544251 , 0.0
8754.86248598 , 0.0
8756.32952874 , 0.0
8757.79657073 , 0.0
8759.26361193 , 0.0
8760.73065228 , 0.0
8762.19769176 , 0.0
8763.66473032 , 0.0
8765.13176792 , 0.0
8766.59880452 , 0.0
8768.06584008 , 0.0
8769.53287457 , 0.0
8770.99990794 , 824.549
8772.46694016 , 1100.5
8773.93397118 , 821.252
8775.40100097 , 311.589
8776.86802948 , 220.987
8778.33505669 , 1682.11
8779.80208253 , 0.0
8781.26910699 , 0.0
8782.73613002 , 0.0
8784.20315158 , 0.0
8785.67017162 , 0.0
8787.13719012 , 0.0
8788.60420703 , 0.0
8790.07122231 , 0.0
8791.53823593 , 0.0
8793.00524784 , 0.0
8794.472258 , 0.0
8795.93926638 , 0.0
8797.40627293 , 0.0
8798.87327762 , 0.0
8800.34028041 , 0.0
8801.80728125 , 0.0
8803.27428011 , 44.0308
8804.74127696 , 20.2778
8806.20827174 , 40.1234
8807.67526442 , 32.7993
8809.14225496 , 33.1939
8810.60924333 , 39.8454
8812.07622948 , 18.0546
8813.54321337 , 38.0908
8815.01019497 , 0.0
8816.47717423 , 0.0
8817.94415112 , 0.0
8819.41112559 , 0.0
8820.87809762 , 0.0
8822.34506715 , 0.0
8823.81203415 , 0.0
8825.27899858 , 0.0
8826.7459604 , 0.0
8828.21291957 , 0.0
8829.67987606 , 0.0
8831.14682981 , 0.0
8832.6137808 , 0.0
8834.08072899 , 0.0
8835.54767433 , 0.0
8837.01461679 , 0.0
8838.48155633 , 0.0
8839.9484929 , 0.0
8841.41542648 , 0.0
8842.88235701 , 0.0
8844.34928446 , 34.2845
8845.8162088 , 23.5426
8847.28312998 , 50.7362
8848.75004796 , 77.7347
8850.21696271 , 93.2138
8851.68387418 , 683.328
8853.15078234 , 0.0
8854.61768714 , 0.0
8856.08458855 , 0.0
8857.55148654 , 0.0
8859.01838105 , 0.0
8860.48527205 , 0.0
8861.95215951 , 0.0
8863.41904337 , 347.939
8864.88592361 , 1300.98
8866.35280019 , 1911.86
8867.81967306 , 1489.37
8869.28654219 , 496.666
8870.75340754 , 77.3598
8872.22026906 , 54.0062
8873.68712672 , 0.0
8875.15398049 , 0.0
8876.62083031 , 0.0
8878.08767616 , 0.0
8879.55451799 , 0.0
8881.02135577 , 0.0
8882.48818945 , 0.0
8883.955019 , 0.0
8885.42184438 , 0.0
8886.88866554 , 0.0
8888.35548246 , 0.0
8889.82229508 , 0.0
8891.28910338 , 0.0
8892.75590731 , 0.0
8894.22270683 , 0.0
8895.68950191 , 0.0
8897.15629251 , 35.5819
8898.62307858 , 35.9268
8900.08986009 , 33.4816
8901.556637 , 32.386
8903.02340927 , 0.0
8904.49017686 , 0.0
8905.95693973 , 0.0
8907.42369785 , 0.0
8908.89045117 , 0.0
8910.35719966 , 0.0
8911.82394327 , 0.0
8913.29068197 , 0.0
8914.75741573 , 0.0
8916.22414449 , 0.0
8917.69086822 , 0.0
8919.15758689 , 0.0
8920.62430045 , 0.0
8922.09100886 , 0.0
8923.5577121 , 0.0
8925.0244101 , 0.0
8926.49110285 , 0.0
8927.9577903 , 0.0
8929.42447241 , 0.0
8930.89114914 , 0.0
8932.35782045 , 0.0
8933.82448631 , 0.0
8935.29114667 , 0.0
8936.7578015 , 0.0
8938.22445075 , 0.0
8939.6910944 , 41.7891
8941.1577324 , 31.9467
8942.62436471 , 44.7957
8944.09099129 , 23.3515
8945.5576121 , 35.601
8947.02422711 , 0.0
8948.49083628 , 0.0
8949.95743957 , 0.0
8951.42403693 , 0.0
8952.89062834 , 0.0
8954.35721374 , 0.0
8955.82379311 , 0.0
8957.2903664 , 0.0
8958.75693358 , 0.0
8960.22349461 , 31.673
8961.69004944 , 53.4059
8963.15659804 , 59.1387
8964.62314037 , 48.3604
8966.0896764 , 0.0
8967.55620608 , 0.0
8969.02272937 , 0.0
8970.48924623 , 0.0
8971.95575664 , 0.0
8973.42226054 , 0.0
8974.8887579 , 0.0
8976.35524869 , 0.0
8977.82173285 , 0.0
8979.28821036 , 0.0
8980.75468118 , 0.0
8982.22114526 , 0.0
8983.68760256 , 50.7929
8985.15405306 , 37.3824
8986.62049671 , 108.508
8988.08693347 , 172.417
8989.5533633 , 196.382
8991.01978617 , 215.667
8992.48620203 , 62.5847
8993.95261085 , 61.8937
8995.41901259 , 42.9167
8996.88540721 , 33.1979
8998.35179466 , 31.3605
8999.81817493 , 40.9148
9001.28454795 , 44.3779
9002.75091371 , 20.7164
9004.21727214 , 35.095
9005.68362323 , 49.9527
9007.14996693 , 37.1237
9008.6163032 , 33.064
9010.082632 , 33.1595
9011.54895329 , 27.6242
9013.01526704 , 46.3673
9014.48157321 , 50.6409
9015.94787175 , 32.0274
9017.41416264 , 34.6447
9018.88044583 , 31.8167
9020.34672128 , 46.4545
9021.81298895 , 30.806
9023.27924881 , 26.3782
9024.74550081 , 45.2278
9026.21174493 , 63.7755
9027.67798111 , 56.4036
9029.14420933 , 52.9325
9030.61042954 , 38.8777
9032.0766417 , 46.1054
9033.54284578 , 50.7942
9035.00904173 , 43.7564
9036.47522953 , 44.9904
9037.94140912 , 68.8546
9039.40758048 , 53.0243
9040.87374356 , 65.8887
9042.33989833 , 57.0307
9043.80604474 , 61.1339
9045.27218276 , 50.0721
9046.73831235 , 68.8287
9048.20443347 , 40.791
9049.67054608 , 47.4179
9051.13665015 , 47.4216
9052.60274563 , 35.5697
9054.06883249 , 27.2201
9055.53491068 , 40.4756
9057.00098018 , 25.1997
9058.46704094 , 43.1599
9059.93309292 , 30.0213
9061.39913609 , 41.643
9062.8651704 , 47.1292
9064.33119582 , 52.3949
9065.79721231 , 64.8275
9067.26321984 , 71.0206
9068.72921835 , 57.9088
9070.19520782 , 51.3728
9071.6611882 , 64.1788
9073.12715946 , 51.2397
9074.59312156 , 58.462
9076.05907447 , 53.3115
9077.52501813 , 41.0622
9078.99095252 , 39.8198
9080.45687759 , 56.6764
9081.92279331 , 49.4716
9083.38869963 , 47.9274
9084.85459653 , 36.5924
9086.32048396 , 48.6257
9087.78636188 , 38.8196
9089.25223026 , 34.1761
9090.71808905 , 40.8369
9092.18393822 , 38.4813
9093.64977773 , 15.7694
9095.11560755 , 41.9174
9096.58142762 , 32.8973
9098.04723792 , 49.2035
9099.51303841 , 35.208
9100.97882904 , 21.8187
9102.44460979 , 53.2724
9103.9103806 , 38.0004
9105.37614145 , 32.4833
9106.8418923 , 45.2404
9108.30763309 , 52.155
9109.77336381 , 39.0585
9111.23908441 , 33.2253
9112.70479485 , 46.46
9114.17049509 , 35.6059
9115.63618509 , 45.5434
9117.10186482 , 33.5963
9118.56753424 , 45.9899
9120.03319331 , 49.2881
9121.49884199 , 82.8632
9122.96448024 , 135.508
9124.43010803 , 152.789
9125.89572531 , 106.087
9127.36133206 , 33.8587
9128.82692822 , 51.6734
9130.29251376 , 36.1828
9131.75808865 , 27.1536
9133.22365284 , 46.316
9134.68920629 , 38.297
9136.15474898 , 43.0695
9137.62028085 , 63.0316
9139.08580188 , 41.4185
9140.55131202 , 55.6956
9142.01681124 , 45.1251
9143.48229949 , 42.2642
9144.94777674 , 77.8909
9146.41324295 , 247.566
9147.87869808 , 855.434
9149.3441421 , 1266.3
9150.80957496 , 989.526
9152.27499663 , 392.689
9153.74040707 , 67.7543
9155.20580624 , 50.1965
9156.6711941 , 44.3718
9158.13657061 , 36.5172
9159.60193575 , 34.364
9161.06728946 , 50.5976
9162.5326317 , 43.6544
9163.99796245 , 32.429
9165.46328167 , 43.4888
9166.9285893 , 53.9626
9168.39388533 , 55.6988
9169.8591697 , 36.4008
9171.32444238 , 30.302
9172.78970334 , 39.5251
9174.25495252 , 48.025
9175.72018991 , 41.0081
9177.18541545 , 45.3923
9178.65062911 , 25.3018
9180.11583085 , 30.7561
9181.58102063 , 44.9132
9183.04619842 , 29.7247
9184.51136417 , 32.8713
9185.97651785 , 36.3364
9187.44165942 , 27.8094
9188.90678884 , 62.2351
9190.37190608 , 54.1914
9191.83701109 , 45.9317
9193.30210383 , 40.6965
9194.76718428 , 24.0482
9196.23225238 , 43.3936
9197.69730811 , 43.469
9199.16235142 , 167.055
9200.62738228 , 513.648
9202.09240065 , 921.282
9203.55740648 , 809.636
9205.02239975 , 363.922
9206.48738041 , 93.843
9207.95234842 , 45.1387
9209.41730376 , 20.5003
9210.88224637 , 46.2849
9212.34717622 , 36.7372
9213.81209327 , 51.7291
9215.27699749 , 50.6906
9216.74188883 , 73.4269
9218.20676726 , 215.866
9219.67163274 , 621.125
9221.13648523 , 800.512
9222.6013247 , 623.915
9224.0661511 , 348.247
9225.5309644 , 234.323
9226.99576456 , 243.776
9228.46055153 , 224.456
9229.92532529 , 116.257
9231.3900858 , 61.9375
9232.85483301 , 47.937
9234.31956689 , 33.0252
9235.78428739 , 42.1188
9237.24899449 , 31.9743
9238.71368815 , 43.9731
9240.17836832 , 42.7826
9241.64303497 , 78.0978
9243.10768805 , 114.462
9244.57232754 , 131.252
9246.03695339 , 101.509
9247.50156556 , 74.9995
9248.96616403 , 48.9992
9250.43074874 , 35.272
9251.89531966 , 49.0595
9253.35987675 , 49.6438
9254.82441998 , 58.5573
9256.2889493 , 71.6342
9257.75346469 , 51.3939
9259.21796609 , 46.3186
9260.68245347 , 58.855
9262.1469268 , 38.3513
9263.61138603 , 31.6439
9265.07583113 , 58.6084
9266.54026206 , 31.0978
9268.00467878 , 34.5562
9269.46908125 , 55.1773
9270.93346944 , 39.3769
9272.39784331 , 52.6479
9273.86220281 , 88.2157
9275.32654792 , 116.006
9276.79087858 , 112.619
9278.25519477 , 120.928
9279.71949645 , 52.1077
9281.18378358 , 48.4849
9282.64805611 , 64.9927
9284.11231402 , 81.2472
9285.57655726 , 68.183
9287.0407858 , 58.9818
9288.5049996 , 61.2738
9289.96919861 , 54.7968
9291.43338281 , 65.2821
9292.89755215 , 52.6587
9294.36170659 , 46.2533
9295.8258461 , 45.1789
9297.28997065 , 87.1292
9298.75408018 , 209.17
9300.21817466 , 603.055
9301.68225406 , 732.153
9303.14631834 , 569.846
9304.61036746 , 250.929
9306.07440137 , 72.5739
9307.53842005 , 48.818
9309.00242345 , 66.9747
9310.46641154 , 145.896
9311.93038428 , 175.755
9313.39434163 , 246.242
9314.85828355 , 268.943
9316.32221 , 208.681
9317.78612095 , 110.51
9319.25001636 , 44.044
9320.71389619 , 60.7074
9322.1777604 , 42.4485
9323.64160895 , 94.6213
9325.10544181 , 342.889
9326.56925893 , 659.987
9328.03306029 , 667.752
9329.49684583 , 414.292
9330.96061553 , 119.456
9332.42436934 , 42.4669
9333.88810724 , 48.5885
9335.35182917 , 23.7094
9336.8155351 , 66.316
9338.27922499 , 42.4181
9339.74289881 , 46.7204
9341.20655651 , 74.8258
9342.67019807 , 59.9318
9344.13382343 , 53.381
9345.59743257 , 39.0982
9347.06102544 , 46.7834
9348.524602 , 53.2645
9349.98816223 , 45.2426
9351.45170607 , 29.0625
9352.9152335 , 52.0489
9354.37874447 , 38.0095
9355.84223895 , 50.104
9357.30571689 , 60.774
9358.76917827 , 55.3626
9360.23262303 , 42.8793
9361.69605115 , 34.9523
9363.15946259 , 34.5661
9364.6228573 , 44.5057
9366.08623525 , 44.1743
9367.54959641 , 55.5378
9369.01294072 , 35.664
9370.47626816 , 63.0494
9371.93957869 , 113.084
9373.40287227 , 175.385
9374.86614886 , 175.917
9376.32940842 , 94.4068
9377.79265092 , 58.6646
9379.25587631 , 41.9557
9380.71908456 , 47.0873
9382.18227563 , 29.3556
9383.64544949 , 32.636
9385.10860609 , 47.2689
9386.57174539 , 42.7279
9388.03486736 , 24.5765
9389.49797197 , 44.8775
9390.96105916 , 31.8455
9392.42412891 , 48.8914
9393.88718118 , 33.334
9395.35021592 , 29.8301
9396.81323311 , 40.6375
9398.27623269 , 53.8744
9399.73921464 , 25.8082
9401.20217891 , 54.2152
9402.66512548 , 37.6247
9404.12805429 , 40.6895
9405.59096531 , 59.9699
9407.0538585 , 55.3273
9408.51673384 , 45.2711
9409.97959126 , 45.0074
9411.44243075 , 55.1496
9412.90525226 , 56.9
9414.36805575 , 35.2209
9415.83084118 , 54.1988
9417.29360853 , 32.6027
9418.75635774 , 43.5253
9420.21908878 , 36.9298
9421.68180161 , 53.8288
9423.1444962 , 169.855
9424.6071725 , 331.114
9426.06983048 , 553.146
9427.53247011 , 439.088
9428.99509133 , 209.477
9430.45769412 , 67.3655
9431.92027843 , 74.0333
9433.38284423 , 41.2375
9434.84539148 , 56.9603
9436.30792015 , 55.2132
9437.77043018 , 62.3537
9439.23292155 , 90.3626
9440.69539422 , 97.5922
9442.15784815 , 81.5097
9443.6202833 , 77.4755
9445.08269963 , 60.3389
9446.5450971 , 54.7807
9448.00747569 , 46.2482
9449.46983534 , 44.6902
9450.93217602 , 33.3975
9452.39449769 , 35.1504
9453.85680032 , 41.5134
9455.31908387 , 47.4563
9456.78134829 , 81.6715
9458.24359355 , 179.988
9459.70581962 , 256.274
9461.16802644 , 270.188
9462.630214 , 120.982
9464.09238224 , 62.8115
9465.55453113 , 63.9081
9467.01666063 , 53.6597
9468.47877071 , 49.9511
9469.94086132 , 42.2763
9471.40293242 , 52.1502
9472.86498399 , 47.2508
9474.32701598 , 32.1184
9475.78902835 , 52.1526
9477.25102106 , 49.0682
9478.71299408 , 35.2199
9480.17494737 , 33.5991
9481.63688088 , 34.5397
9483.09879459 , 65.3232
9484.56068846 , 118.585
9486.02256244 , 213.537
9487.48441649 , 304.433
9488.94625059 , 276.923
9490.40806468 , 130.269
9491.86985874 , 61.0666
9493.33163273 , 86.1678
9494.7933866 , 46.0218
9496.25512032 , 61.0185
9497.71683385 , 68.9227
9499.17852715 , 58.3124
9500.64020019 , 48.8537
9502.10185292 , 69.926
9503.56348532 , 52.6326
9505.02509733 , 53.3886
9506.48668892 , 50.8095
9507.94826005 , 29.5781
9509.4098107 , 37.3526
9510.8713408 , 61.5213
9512.33285034 , 42.1183
9513.79433927 , 33.3525
9515.25580755 , 47.66
9516.71725514 , 44.562
9518.17868201 , 64.7331
9519.64008812 , 54.3359
9521.10147343 , 46.9083
9522.5628379 , 34.3222
9524.02418149 , 56.7069
9525.48550417 , 75.385
9526.9468059 , 84.3211
9528.40808663 , 89.3021
9529.86934634 , 52.8448
9531.33058497 , 133.579
9532.79180251 , 269.815
9534.2529989 , 452.155
9535.7141741 , 620.817
9537.17532809 , 306.821
9538.63646082 , 118.115
9540.09757225 , 48.7825
9541.55866234 , 28.3097
9543.01973106 , 69.6351
9544.48077838 , 81.769
9545.94180424 , 132.601
9547.40280861 , 221.011
9548.86379146 , 262.604
9550.32475275 , 146.945
9551.78569243 , 80.6441
9553.24661047 , 48.4893
9554.70750683 , 59.1321
9556.16838148 , 33.812
9557.62923436 , 31.3916
9559.09006546 , 46.7833
9560.55087473 , 29.075
9562.01166212 , 43.2528
9563.47242761 , 38.1609
9564.93317114 , 36.7082
9566.3938927 , 35.8661
9567.85459223 , 42.9374
9569.3152697 , 32.3587
9570.77592507 , 36.2023
9572.2365583 , 34.663
9573.69716936 , 64.0953
9575.1577582 , 51.5492
9576.61832479 , 29.6281
9578.07886909 , 49.4602
9579.53939106 , 40.0402
9580.99989066 , 28.8143
9582.46036786 , 50.6596
9583.92082261 , 24.73
9585.38125488 , 45.8542
9586.84166463 , 34.5011
9588.30205182 , 45.7584
9589.76241641 , 46.0327
9591.22275837 , 34.6206
9592.68307766 , 17.4365
9594.14337423 , 20.1216
9595.60364805 , 36.2416
9597.06389908 , 38.0532
9598.52412729 , 33.786
9599.98433263 , 32.4393
9601.44451506 , 44.1335
9602.90467456 , 45.1441
9604.36481107 , 49.3278
9605.82492457 , 44.6202
9607.28501501 , 39.3156
9608.74508235 , 68.9555
9610.20512656 , 76.095
9611.6651476 , 78.1598
9613.12514543 , 48.0411
9614.58512 , 37.2678
9616.0450713 , 41.5985
9617.50499926 , 50.041
9618.96490387 , 35.9473
9620.42478507 , 37.8949
9621.88464283 , 41.2918
9623.34447711 , 43.196
9624.80428787 , 39.0559
9626.26407508 , 47.249
9627.72383869 , 43.8426
9629.18357868 , 57.0521
9630.64329499 , 45.9412
9632.10298759 , 56.8234
9633.56265644 , 56.0573
9635.02230151 , 47.9555
9636.48192276 , 59.401
9637.94152014 , 31.8363
9639.40109362 , 30.3622
9640.86064316 , 53.2307
9642.32016872 , 24.2259
9643.77967027 , 31.788
9645.23914776 , 27.0475
9646.69860116 , 41.5177
9648.15803042 , 48.2717
9649.61743552 , 32.1318
9651.07681641 , 57.9901
9652.53617305 , 24.0391
9653.99550541 , 33.6394
9655.45481344 , 54.7791
9656.91409711 , 41.4187
9658.37335638 , 72.86
9659.83259121 , 66.5309
9661.29180156 , 62.6329
9662.75098739 , 182.428
9664.21014867 , 381.666
9665.66928536 , 750.13
9667.12839742 , 734.771
9668.5874848 , 404.575
9670.04654748 , 140.678
9671.50558541 , 59.1313
9672.96459856 , 47.7346
9674.42358688 , 51.5556
9675.88255034 , 31.4081
9677.34148889 , 53.3664
9678.80040251 , 53.1957
9680.25929115 , 42.2339
9681.71815477 , 54.8679
9683.17699334 , 34.7795
9684.63580681 , 18.0209
9686.09459516 , 34.4014
9687.55335833 , 46.5429
9689.01209629 , 40.0093
9690.470809 , 34.4807
9691.92949643 , 37.9767
9693.38815853 , 35.4152
9694.84679527 , 33.1306
9696.30540661 , 18.2036
9697.7639925 , 55.7006
9699.22255292 , 14.4827
9700.68108782 , 25.6592
9702.13959716 , 38.0018
9703.59808091 , 49.5538
9705.05653902 , 44.6325
9706.51497146 , 34.1788
9707.97337819 , 47.7243
9709.43175917 , 23.4486
9710.89011437 , 48.17
9712.34844373 , 44.655
9713.80674723 , 38.5663
9715.26502483 , 25.8818
9716.72327649 , 33.157
9718.18150216 , 44.9685
9719.63970181 , 31.057
9721.09787541 , 31.819
9722.55602291 , 38.2217
9724.01414427 , 22.4551
9725.47223946 , 43.4769
9726.93030843 , 38.8677
9728.38835116 , 45.2188
9729.84636759 , 28.1856
9731.30435769 , 24.721
9732.76232143 , 46.286
9734.22025876 , 39.7438
9735.67816964 , 29.7917
9737.13605404 , 42.6392
9738.59391192 , 33.9921
9740.05174324 , 54.454
9741.50954795 , 53.8029
9742.96732603 , 47.3883
9744.42507743 , 39.3612
9745.88280212 , 36.7716
9747.34050005 , 53.9921
9748.79817118 , 30.2778
9750.25581548 , 54.2604
9751.71343292 , 44.7053
9753.17102344 , 33.4285
9754.62858701 , 32.127
9756.0861236 , 32.7297
9757.54363316 , 22.2424
9759.00111565 , 36.818
9760.45857104 , 41.1242
9761.91599929 , 56.4396
9763.37340036 , 42.8527
9764.8307742 , 25.4962
9766.28812079 , 50.4031
9767.74544008 , 67.7165
9769.20273203 , 54.9309
9770.65999661 , 49.7259
9772.11723378 , 25.3708
9773.57444349 , 51.4496
9775.0316257 , 48.759
9776.48878039 , 36.1419
9777.94590751 , 24.2656
9779.40300702 , 25.0678
9780.86007888 , 34.4754
9782.31712306 , 57.3015
9783.77413951 , 50.1032
9785.23112819 , 48.2171
9786.68808908 , 48.9034
9788.14502212 , 31.0481
9789.60192728 , 28.1284
9791.05880452 , 37.4324
9792.51565381 , 22.8816
9793.97247509 , 22.0062
9795.42926834 , 40.4157
9796.88603352 , 40.8618
9798.34277058 , 28.3138
9799.79947948 , 37.2986
9801.2561602 , 36.0237
9802.71281268 , 29.8352
9804.1694369 , 39.643
9805.6260328 , 24.6849
9807.08260036 , 21.9141
9808.53913953 , 39.214
9809.99565027 , 20.6558
9811.45213255 , 36.8758
9812.90858633 , 53.0464
9814.36501156 , 36.0312
9815.82140821 , 23.0225
9817.27777624 , 24.1685
9818.73411561 , 44.5396
9820.19042629 , 26.1666
9821.64670822 , 37.228
9823.10296137 , 24.7665
9824.55918572 , 41.4535
9826.0153812 , 40.0692
9827.47154779 , 36.4277
9828.92768545 , 9.55469
9830.38379413 , 38.1335
9831.83987381 , 32.1173
9833.29592443 , 25.8827
9834.75194597 , 49.3852
9836.20793837 , 51.8282
9837.66390161 , 80.1795
9839.11983564 , 57.1945
9840.57574043 , 53.0021
9842.03161593 , 57.2741
9843.4874621 , 31.6911
9844.94327891 , 30.8322
9846.39906632 , 35.3439
9847.85482429 , 43.1379
9849.31055278 , 37.0562
9850.76625175 , 43.41
9852.22192116 , 46.3243
9853.67756097 , 37.7704
9855.13317114 , 24.6541
9856.58875163 , 47.8514
9858.04430241 , 5.63142
9859.49982344 , 31.5333
9860.95531467 , 22.8546
9862.41077607 , 16.0851
9863.86620759 , 33.7824
9865.3216092 , 19.5057
9866.77698086 , 39.8092
9868.23232253 , 31.7497
9869.68763417 , 35.8524
9871.14291575 , 30.7759
9872.59816721 , 29.5066
9874.05338852 , 37.1103
9875.50857965 , 22.7685
9876.96374056 , 29.3114
9878.41887119 , 20.4548
9879.87397153 , 48.0398
9881.32904151 , 35.1415
9882.78408112 , 31.8664
9884.2390903 , 19.6145
9885.69406902 , 20.7967
9887.14901724 , 24.6865
9888.60393492 , 36.4863
9890.05882202 , 36.4021
9891.5136785 , 21.4034
9892.96850432 , 23.9118
9894.42329944 , 32.1437
9895.87806382 , 55.0721
9897.33279743 , 38.5233
9898.78750022 , 40.8914
9900.24217216 , 23.3097
9901.69681319 , 18.6046
9903.1514233 , 36.2273
9904.60600243 , 31.2487
9906.06055055 , 28.7891
9907.51506761 , 36.1673
9908.96955359 , 28.6157
9910.42400843 , 28.5268
9911.87843209 , 17.4049
9913.33282455 , 33.7976
9914.78718576 , 30.6421
9916.24151568 , 15.1734
9917.69581427 , 33.2547
9919.15008149 , 35.586
9920.6043173 , 31.1087
9922.05852166 , 26.2393
9923.51269454 , 28.9505
9924.96683589 , 8.70468
9926.42094567 , 36.7067
9927.87502385 , 18.15
9929.32907038 , 34.429
9930.78308522 , 32.7641
9932.23706834 , 44.7674
9933.6910197 , 18.2585
9935.14493925 , 23.2849
9936.59882696 , 27.192
9938.05268279 , 16.1379
9939.50650669 , 34.7155
9940.96029863 , 32.872
9942.41405857 , 31.2495
9943.86778647 , 29.1881
9945.32148228 , 48.0704
9946.77514598 , 40.0566
9948.22877751 , 28.7101
9949.68237684 , 22.6008
9951.13594394 , 12.4405
9952.58947875 , 29.8343
9954.04298124 , 35.2253
9955.49645138 , 32.4453
9956.94988911 , 39.5615
9958.40329441 , 35.3428
9959.85666723 , 37.017
9961.31000753 , 39.2577
9962.76331527 , 24.45
9964.21659041 , 26.2226
9965.66983292 , 23.1972
9967.12304275 , 48.4687
9968.57621986 , 56.6892
9970.02936422 , 100.636
9971.48247578 , 67.4416
9972.9355545 , 45.9099
9974.38860035 , 41.1043
9975.84161328 , 42.9799
9977.29459325 , 40.334
9978.74754023 , 29.6821
9980.20045417 , 42.2979
9981.65333504 , 37.4517
9983.10618279 , 48.0467
9984.55899738 , 33.8217
9986.01177879 , 28.0693
9987.46452695 , 18.3472
9988.91724184 , 40.0336
9990.36992342 , 35.6421
9991.82257164 , 18.6623
9993.27518646 , 26.7187
9994.72776785 , 20.1257
9996.18031577 , 36.6874
9997.63283017 , 34.7089
9999.08531101 , 40.8677
10000.5377583 , 52.0339
10001.9901719 , 31.7979
10003.4425518 , 30.4485
10004.8948981 , 35.8082
10006.3472105 , 30.8097
10007.7994892 , 25.1316
10009.251734 , 22.391
10010.703945 , 40.4861
10012.1561221 , 20.2603
10013.6082652 , 28.791
10015.0603743 , 25.471
10016.5124493 , 35.6666
10017.9644903 , 38.1431
10019.4164972 , 32.0686
10020.8684699 , 16.5087
10022.3204084 , 23.4834
10023.7723127 , 13.6508
10025.2241827 , 35.0306
10026.6760184 , 34.1529
10028.1278198 , 25.9578
10029.5795867 , 13.7562
10031.0313192 , 19.916
10032.4830172 , 41.6186
10033.9346808 , 31.6228
10035.3863097 , 30.3833
10036.8379041 , 48.2906
10038.2894638 , 43.6315
10039.7409888 , 40.8041
10041.1924792 , 24.8557
10042.6439347 , 35.5613
10044.0953555 , 10.2722
10045.5467414 , 5.23868
10046.9980925 , 26.6974
10048.4494086 , 31.136
10049.9006897 , 35.349
10051.3519359 , 35.1014
10052.803147 , 17.5131
10054.2543231 , 41.2138
10055.705464 , 30.2446
10057.1565698 , 28.5177
10058.6076403 , 32.4629
10060.0586756 , 39.4035
10061.5096757 , 32.5188
10062.9606404 , 30.3754
10064.4115697 , 22.248
10065.8624637 , 25.809
10067.3133222 , 18.3955
10068.7641452 , 25.791
10070.2149326 , 30.1958
10071.6656846 , 23.1518
10073.1164009 , 48.2562
10074.5670815 , 21.0975
10076.0177265 , 25.138
10077.4683358 , 11.9574
10078.9189092 , 13.32
10080.3694469 , 28.5581
10081.8199487 , 12.7053
10083.2704147 , 31.1726
10084.7208447 , 23.9815
10086.1712387 , 20.0414
10087.6215967 , 30.5983
10089.0719187 , 30.793
10090.5222045 , 11.9027
10091.9724543 , 18.5266
10093.4226678 , 21.4948
10094.8728452 , 32.4955
10096.3229863 , 35.7652
10097.7730911 , 30.5946
10099.2231595 , 11.6294
10100.6731916 , 16.1229
10102.1231873 , 31.9711
10103.5731465 , 43.4324
10105.0230692 , 27.9908
10106.4729553 , 20.0163
10107.9228049 , 31.3983
10109.3726179 , 45.8181
10110.8223942 , 20.7618
10112.2721337 , 36.9616
10113.7218366 , 37.4979
10115.1715027 , 38.4867
10116.6211319 , 51.7492
10118.0707243 , 49.7001
10119.5202797 , 66.9703
10120.9697982 , 69.3242
10122.4192797 , 48.8546
10123.8687242 , 53.4631
10125.3181317 , 87.3174
10126.767502 , 58.737
10128.2168351 , 75.0287
10129.6661311 , 105.795
10131.1153898 , 99.5527
10132.5646112 , 129.261
10134.0137954 , 260.457
10135.4629422 , 916.96
10136.9120515 , 2316.66
10138.3611235 , 5401.9
10139.8101579 , 9911.24
10141.2591549 , 11211.5
10142.7081142 , 7775.78
10144.157036 , 2962.29
10145.6059201 , 889.733
10147.0547665 , 434.222
10148.5035753 , 231.898
10149.9523462 , 125.671
10151.4010793 , 123.177
10152.8497746 , 99.0086
10154.298432 , 96.9418
10155.7470515 , 73.4479
10157.195633 , 76.1605
10158.6441764 , 55.4805
10160.0926818 , 55.5698
10161.5411492 , 46.0708
10162.9895783 , 60.0154
10164.4379693 , 40.0866
10165.8863221 , 54.0061
10167.3346366 , 39.0876
10168.7829128 , 54.1335
10170.2311507 , 32.4525
10171.6793502 , 41.8565
10174.5756339 , 31.0035
10176.0237179 , 11.3243
10177.4717635 , 17.4079
10178.9197704 , 35.1123
10180.3677387 , 26.2219
10181.8156683 , 17.0941
10183.2635593 , 23.2961
10184.7114114 , 21.3676
10186.1592248 , 19.2823
10187.6069993 , 13.8699
10189.0547349 , 33.8977
10190.5024316 , 18.6157
10191.9500894 , 34.2952
10193.3977081 , 20.5326
10194.8452878 , 13.1247
10196.2928284 , 9.51875
10197.7403299 , 21.2365
10199.1877922 , 8.87306
10200.6352153 , 2.54321
10202.0825992 , 24.4449
10203.5299437 , 9.48688
10204.9772489 , 3.6157
10206.4245147 , 10.847
10207.8717411 , 6.9484
10209.3189281 , 30.6039
10210.7660755 , 28.9263
10212.2131834 , 7.74658
10213.6602517 , 22.5598
10216.5542694 , 16.7828
10218.0012187 , 3.22711
10219.4481282 , 16.626
10220.894998 , 12.0193
10222.3418279 , 29.8395
10223.7886179 , 26.6592
10225.235368 , 26.2453
10226.6820781 , 16.9261
10228.1287483 , 14.0357
10229.5753784 , 24.9978
10231.0219684 , 19.3629
10232.4685183 , 31.3171
10233.915028 , 24.6351
10235.3614975 , 10.2621
10236.8079267 , 20.0171
10238.2543156 , 21.288
10239.7006642 , 34.4713
10241.1469725 , 23.8742
10242.5932403 , 17.4281
10244.0394676 , 18.0008
10245.4856544 , 18.8206
10246.9318007 , 15.86
10248.3779064 , 18.5757
10249.8239715 , 1.10968
10254.1619224 , 16.8401
10255.6078245 , 3.09696
10257.0536858 , 5.408
10258.4995062 , 16.0936
10261.3910241 , 0.591494
10265.7279934 , 7.27396
10267.1735676 , 11.2642
10268.6191006 , 2.51327
10270.0645924 , 6.84447
10271.5100429 , 18.2996
10272.9554522 , 23.0812
10274.40082 , 4.82362
10275.8461465 , 10.9453
10277.2914316 , 18.9975
10278.7366752 , 0.988314
10280.1818772 , 7.64973
10283.0721567 , 8.87768
10284.5172339 , 16.6224
10285.9622695 , 9.52128
10287.4072634 , 9.66328
10288.8522155 , 11.8297
10290.2971257 , 2.89052
10291.7419942 , 7.70084
10294.6316053 , 22.3006
10296.0763479 , 26.3373
10297.5210484 , 15.8323
10298.965707 , 0.258844
10300.4103234 , 0.251844
10301.8548976 , 21.7849
10303.2994297 , 14.1402
10304.7439195 , 22.2305
10309.0771351 , 6.24274
10310.5214555 , 1.67639
10313.4099691 , 0.245701
10314.854162 , 11.3442
10316.2983124 , 20.1769
10317.7424202 , 12.582
10319.1864853 , 12.0399
10320.6305077 , 0.626779
10323.5184243 , 9.86609
10324.9623183 , 10.8618
10327.8499777 , 2.74507
10329.293743 , 6.29027
10330.7374653 , 2.90074
10332.1811445 , 4.07652
10333.6247807 , 34.0062
10335.0683737 , 19.0481
10336.5119235 , 17.3286
10337.9554301 , 7.49229
