3472.0960181 , 0.0
3473.07425118 , 0.0
3474.05264607 , 0.0
3475.03120266 , 0.0
3476.00992085 , 0.0
3476.98880052 , 0.0
3477.96784156 , 0.0
3478.94704386 , 0.0
3480.90593182 , 0.0
3481.88561724 , 0.0
3483.84547046 , 0.0
3484.82563803 , 0.0
3485.80596608 , 0.0
3487.76710324 , 0.0
3489.72888104 , 0.0
3492.67274704 , 0.0
3493.65435508 , 0.0
3495.61804956 , 0.0
3497.58238118 , 0.0
3498.56478564 , 0.0
3500.5300713 , 0.0
3501.5129523 , 0.0
3502.49599191 , 0.0
3503.47919004 , 0.0
3504.46254658 , 0.0
3506.42973443 , 0.0
3509.38170151 , 0.0
3510.36600617 , 0.0
3512.33508831 , 0.0
3513.31986556 , 0.0
3514.30480012 , 0.0
3515.28989187 , 0.0
3517.26054655 , 0.0
3518.24610925 , 0.0
3519.23182871 , 0.0
3520.21770482 , 0.0
3521.20373747 , 0.0
3522.18992656 , 0.0
3524.16277359 , 0.0
3525.14943132 , 0.0
3526.13624504 , 0.0
3527.12321465 , 0.0
3529.09762108 , 0.0
3537.00146034 , 0.0
3537.99013747 , 0.0
3539.96795533 , 0.0
3540.95709585 , 0.0
3541.94639062 , 0.0
3543.92544245 , 0.0
3544.91519929 , 0.0
3545.90510995 , 0.0
3546.8951743 , 0.0
3547.88539225 , 0.0
3548.87576367 , 0.0
3549.86628847 , 0.0
3550.85696654 , 0.0
3552.83878202 , 0.0
3553.82991922 , 0.0
3557.7959952 , 0.0
3561.76450944 , 0.0
3563.74967873 , 0.0
3564.74249103 , 0.0
3565.73545497 , 0.0
3566.72857043 , 0.0
3570.70254528 , 0.0
3572.690439 , 0.0
3573.68461206 , 0.0
3576.66803469 , 0.0
3577.66280969 , 0.0
3580.64803556 , 0.0
3583.63461045 , 0.0
3584.63043468 , 0.0
3587.61880369 , 0.0
3589.61179553 , 0.0
3590.60851488 , 0.0
3591.60538303 , 0.0
3592.60239987 , 0.0
3593.59956531 , 0.0
3594.59687923 , 0.0
3595.59434152 , 0.0
3596.59195207 , 0.0
3597.58971078 , 0.0
3599.58567223 , 0.0
3600.58387476 , 0.0
3601.58222501 , 0.0
3602.58072287 , 0.0
3604.57816101 , 0.0
3605.57710107 , 0.0
3606.57618831 , 0.0
3607.57542263 , 123.679
3608.57480391 , 594.839
3609.57433205 , 1271.39
3610.57400694 , 1527.0
3611.57382847 , 1200.83
3612.57379653 , 726.779
3613.57391103 , 365.595
3614.57417183 , 184.026
3615.57457885 , 42.7906
3616.57513197 , 0.0
3617.57583109 , 0.0
3618.57667609 , 0.0
3620.57880332 , 0.0
3624.58480368 , 0.0
3627.59082821 , 0.0
3629.59556878 , 0.0
3632.60376383 , 0.0
3633.6067842 , 0.0
3640.63195734 , 0.0
3642.64044197 , 0.0
3643.64489914 , 0.0
3644.6494994 , 0.0
3645.65424263 , 0.0
3646.65912875 , 93.821
3647.66415763 , 843.45
3648.66932917 , 3017.51
3649.67464326 , 4868.0
3650.6800998 , 4123.46
3651.68569868 , 1904.43
3652.69143979 , 795.496
3653.69732302 , 1410.89
3654.70334827 , 1750.23
3655.70951543 , 1212.52
3656.7158244 , 373.573
3657.72227506 , 47.5795
3658.72886731 , 0.0
3659.73560104 , 0.0
3660.74247614 , 242.962
3661.74949252 , 797.325
3662.75665006 , 1372.1
3663.76394865 , 1120.27
3664.77138818 , 438.87
3665.77896856 , 49.1009
3666.78668968 , 0.0
3667.79455142 , 0.0
3669.81069635 , 0.0
3671.82740251 , 0.0
3674.85351219 , 0.0
3678.89028142 , 0.0
3679.89982236 , 0.0
3680.90950255 , 0.0
3681.91932187 , 0.0
3682.92928021 , 0.0
3684.94961356 , 0.0
3685.95998835 , 0.0
3686.97050175 , 0.0
3687.98115364 , 0.0
3688.99194392 , 0.0
3693.03648681 , 0.0
3694.04796744 , 0.0
3695.05958583 , 0.0
3696.07134186 , 0.0
3697.08323544 , 0.0
3698.09526645 , 0.0
3700.11974034 , 0.0
3701.13218302 , 0.0
3702.1447627 , 0.0
3703.15747929 , 0.0
3704.17033268 , 0.0
3705.18332276 , 0.0
3706.19644943 , 0.0
3707.20971257 , 0.0
3708.2231121 , 0.0
3709.23664789 , 0.0
3710.25031984 , 0.0
3714.30636718 , 0.0
3718.36458468 , 0.0
3719.37947735 , 0.0
3720.39450513 , 0.0
3721.40966791 , 0.0
3722.42496558 , 0.0
3723.44039805 , 0.0
3724.4559652 , 0.0
3725.47166694 , 0.0
3726.48750314 , 0.0
3727.50347372 , 0.0
3729.53581756 , 0.0
3730.55219061 , 0.0
3731.56869761 , 0.0
3732.58533846 , 0.0
3733.60211304 , 0.0
3734.61902126 , 0.0
3736.65323817 , 0.0
3737.67054665 , 0.0
3739.70556315 , 0.0
3740.72327096 , 0.0
3741.74111167 , 0.0
3743.77719136 , 0.0
3745.81380138 , 0.0
3746.832305 , 0.0
3747.85094089 , 0.0
3748.86970895 , 0.0
3749.88860907 , 0.0
3751.92680506 , 0.0
3752.94610073 , 0.0
3753.96552803 , 0.0
3754.98508688 , 0.0
3756.00477715 , 0.0
3757.02459876 , 0.0
3758.04455159 , 0.0
3759.06463553 , 0.0
3762.12567304 , 0.0
3763.14628041 , 0.0
3765.18788685 , 0.0
3767.23001485 , 0.0
3768.25127416 , 0.0
3770.29418292 , 0.0
3772.33761116 , 0.0
3773.35951981 , 0.0
3774.38155802 , 0.0
3775.40372569 , 0.0
3776.4260227 , 0.0
3777.44844895 , 0.0
3780.51650214 , 0.0
3781.53944434 , 0.0
3782.56251525 , 0.0
3783.58571479 , 0.0
3786.65608409 , 0.0
3787.67979707 , 0.0
3788.70363816 , 0.0
3789.72760725 , 0.0
3790.75170423 , 0.0
3793.82476152 , 0.0
3794.84936905 , 0.0
3795.87410396 , 0.0
3796.89896614 , 0.0
3797.9239555 , 0.0
3798.94907192 , 0.0
3799.97431531 , 0.0
3800.99968557 , 0.0
3802.02518258 , 0.0
3803.05080625 , 0.0
3804.07655647 , 0.0
3805.10243314 , 0.0
3808.18082083 , 0.0
3809.20720227 , 0.0
3810.23370965 , 0.0
3812.28710179 , 0.0
3813.31398636 , 0.0
3814.34099645 , 0.0
3815.36813195 , 0.0
3816.39539278 , 0.0
3817.42277883 , 0.0
3818.45028998 , 0.0
3819.47792615 , 0.0
3820.50568722 , 0.0
3821.5335731 , 0.0
3822.56158368 , 0.0
3823.58971887 , 0.0
3824.61797855 , 0.0
3826.67487099 , 0.0
3827.70350355 , 0.0
3828.7322602 , 0.0
3829.76114083 , 0.0
3830.79014535 , 0.0
3831.81927365 , 0.0
3832.84852563 , 0.0
3833.87790118 , 0.0
3834.90740021 , 0.0
3836.96676829 , 0.0
3837.99663713 , 0.0
3839.02662904 , 0.0
3841.08698166 , 0.0
3842.11734216 , 0.0
3843.14782531 , 0.0
3844.17843103 , 0.0
3846.24000973 , 0.0
3847.27098251 , 0.0
3848.30207744 , 0.0
3851.39609411 , 0.0
3852.42767663 , 0.0
3853.45938079 , 0.0
3857.58741182 , 0.0
3858.61972267 , 0.0
3859.65215456 , 0.0
3860.68470737 , 0.0
3861.71738102 , 0.0
3862.75017541 , 0.0
3863.78309042 , 0.0
3864.81612596 , 0.0
3865.84928192 , 0.0
3866.88255822 , 0.0
3867.91595474 , 0.0
3868.94947138 , 0.0
3869.98310805 , 0.0
3871.01686464 , 0.0
3873.08473718 , 0.0
3874.11885293 , 0.0
3875.1530882 , 0.0
3876.18744289 , 0.0
3878.25651013 , 0.0
3879.29122247 , 0.0
3880.32605382 , 0.0
3881.3610041 , 0.0
3883.43126099 , 0.0
3884.4665674 , 0.0
3885.50199234 , 0.0
3886.53753568 , 0.0
3887.57319734 , 0.0
3888.6089772 , 0.0
3889.64487519 , 0.0
3890.68089118 , 0.0
3891.71702509 , 0.0
3898.97325556 , 0.0
3900.01032916 , 0.0
3901.04751977 , 0.0
3902.08482729 , 43.5985
3903.12225163 , 0.0
3904.15979268 , 0.0
3905.19745034 , 52.2667
3906.23522452 , 93.9165
3907.27311511 , 62.0804
3908.31112201 , 0.0
3909.34924513 , 0.0
3910.38748436 , 0.0
3911.42583961 , 0.0
3914.54160046 , 0.0
3915.58041878 , 0.0
3916.61935261 , 0.0
3919.73684624 , 0.0
3920.77624116 , 0.0
3921.8157511 , 0.0
3922.85537597 , 0.0
3923.89511566 , 0.0
3924.93497008 , 0.0
3927.0150227 , 0.0
3928.0552207 , 0.0
3929.09553303 , 0.0
3930.1359596 , 0.0
3931.17650029 , 0.0
3932.21715502 , 0.0
3933.25792369 , 0.0
3934.29880619 , 0.0
3936.38091232 , 0.0
3937.42213574 , 0.0
3939.50492282 , 0.0
3940.54648627 , 0.0
3941.58816288 , 0.0
3942.62995253 , 0.0
3943.67185513 , 0.0
3945.7559988 , 0.0
3946.79823967 , 0.0
3947.8405931 , 0.0
3948.88305898 , 0.0
3949.92563723 , 0.0
3953.05404517 , 0.0
3954.09707189 , 0.0
3955.14021048 , 0.0
3956.18346085 , 0.0
3957.22682289 , 0.0
3958.27029651 , 0.0
3959.31388162 , 0.0
3961.40138588 , 0.0
3962.44530484 , 0.0
3963.4893349 , 0.0
3966.62209064 , 0.0
3967.66656408 , 0.0
3968.71114813 , 0.0
3969.75584269 , 0.0
3970.80064766 , 0.0
3971.84556294 , 0.0
3972.89058844 , 0.0
3973.93572405 , 0.0
3974.98096969 , 0.0
3976.02632525 , 0.0
3978.11736576 , 0.0
3980.2088448 , 0.0
3981.25474853 , 0.0
3982.3007616 , 0.0
3983.34688392 , 0.0
3984.39311539 , 0.0
3985.43945591 , 0.0
3986.48590539 , 0.0
3987.53246373 , 0.0
3988.57913083 , 0.0
3991.71978375 , 0.0
3992.76688494 , 0.0
3993.81409441 , 0.0
3995.90883782 , 0.0
3996.95637155 , 0.0
3998.00401319 , 0.0
3999.05176263 , 0.0
4000.09961977 , 0.0
4001.14758451 , 0.0
4002.19565678 , 0.0
4003.24383645 , 0.0
4004.29212345 , 0.0
4005.34051768 , 0.0
4006.38901903 , 0.0
4008.48634273 , 0.0
4009.5351649 , 0.0
4010.58409381 , 0.0
4011.63312937 , 0.0
4012.68227149 , 0.0
4013.73152006 , 0.0
4014.780875 , 0.0
4015.83033621 , 0.0
4017.92957705 , 0.0
4020.02924182 , 0.0
4021.07923294 , 0.0
4022.12932976 , 0.0
4023.17953218 , 0.0
4025.28025344 , 0.0
4026.3307721 , 0.0
4027.38139597 , 0.0
4028.43212498 , 0.0
4029.48295901 , 0.0
4030.53389798 , 0.0
4031.5849418 , 0.0
4032.63609036 , 0.0
4033.68734358 , 0.0
4034.73870135 , 0.0
4035.79016359 , 0.0
4036.8417302 , 0.0
4037.89340108 , 37.5845
4038.94517614 , 34.0707
4039.99705529 , 45.5261
4041.04903843 , 74.648
4042.10112546 , 74.4181
4043.1533163 , 303.085
4044.20561085 , 4024.34
4045.25800901 , 20964.2
4046.3105107 , 33345.6
4047.36311581 , 24046.0
4048.41582425 , 5857.17
4049.46863593 , 453.041
4050.52155075 , 94.3859
4051.57456862 , 51.6539
4052.62768945 , 47.0516
4053.68091314 , 0.0
4054.7342396 , 0.0
4055.78766874 , 0.0
4056.84120045 , 0.0
4057.89483466 , 0.0
4058.94857125 , 0.0
4060.00241015 , 0.0
4061.05635126 , 0.0
4062.11039448 , 0.0
4063.16453971 , 0.0
4064.21878688 , 0.0
4065.27313587 , 0.0
4066.32758661 , 0.0
4067.382139 , 0.0
4070.54640509 , 0.0
4071.60136313 , 0.0
4072.65642235 , 0.0
4073.71158266 , 0.0
4074.76684396 , 43.427
4075.82220616 , 654.897
4076.87766918 , 2259.67
4077.93323291 , 2653.77
4078.98889726 , 1511.89
4080.04466215 , 200.388
4081.10052747 , 0.0
4082.15649314 , 0.0
4083.21255906 , 0.0
4084.26872514 , 0.0
4085.32499129 , 0.0
4087.43782343 , 0.0
4088.49438923 , 0.0
4089.55105473 , 0.0
4090.60781984 , 0.0
4091.66468446 , 0.0
4092.7216485 , 0.0
4093.77871187 , 0.0
4094.83587448 , 0.0
4095.89313624 , 0.0
4096.95049705 , 0.0
4098.00795682 , 0.0
4099.06551546 , 0.0
4100.12317288 , 0.0
4101.18092899 , 0.0
4102.23878369 , 0.0
4103.29673689 , 0.0
4104.35478851 , 0.0
4106.47118661 , 0.0
4107.52953291 , 0.0
4108.58797726 , 0.0
4109.64651956 , 31.9542
4110.70515972 , 0.0
4111.76389766 , 0.0
4112.82273327 , 0.0
4113.88166647 , 0.0
4114.94069717 , 0.0
4115.99982528 , 0.0
4117.0590507 , 0.0
4118.11837335 , 0.0
4119.17779313 , 0.0
4120.23730995 , 0.0
4121.29692373 , 0.0
4122.35663436 , 0.0
4124.47634585 , 0.0
4125.53634652 , 0.0
4126.59644369 , 0.0
4128.71692716 , 0.0
4129.77731328 , 0.0
4132.9590481 , 0.0
4134.01981822 , 0.0
4135.08068411 , 0.0
4136.14164569 , 0.0
4138.26385554 , 0.0
4139.32510363 , 0.0
4140.38644705 , 0.0
4141.44788569 , 0.0
4143.57104833 , 0.0
4144.63277214 , 0.0
4146.75650429 , 0.0
4147.81851246 , 0.0
4149.94281251 , 0.0
4151.00510422 , 0.0
4152.06749027 , 0.0
4153.12997056 , 0.0
4154.19254501 , 0.0
4155.25521353 , 0.0
4156.31797603 , 0.0
4157.38083242 , 0.0
4158.44378261 , 0.0
4159.50682652 , 0.0
4160.56996404 , 0.0
4161.6331951 , 0.0
4162.6965196 , 0.0
4163.75993746 , 0.0
4164.82344858 , 0.0
4165.88705288 , 0.0
4166.95075027 , 0.0
4168.01454066 , 0.0
4169.07842396 , 0.0
4170.14240009 , 0.0
4171.20646895 , 0.0
4172.27063045 , 0.0
4173.33488451 , 0.0
4174.39923104 , 0.0
4175.46366995 , 0.0
4176.52820115 , 0.0
4177.59282455 , 0.0
4178.65754007 , 0.0
4179.72234762 , 0.0
4180.78724711 , 0.0
4182.91732154 , 0.0
4183.98249631 , 0.0
4185.04776267 , 0.0
4186.11312053 , 0.0
4187.1785698 , 0.0
4188.2441104 , 0.0
4189.30974222 , 0.0
4192.50718424 , 0.0
4193.57318013 , 0.0
4194.63926682 , 0.0
4195.70544422 , 0.0
4196.77171224 , 0.0
4198.9045198 , 0.0
4199.97105917 , 0.0
4201.0376888 , 0.0
4203.17121855 , 0.0
4204.23811848 , 0.0
4205.30510834 , 0.0
4206.37218803 , 0.0
4208.50661659 , 0.0
4209.57396528 , 0.0
4210.64140346 , 0.0
4211.70893104 , 0.0
4213.84425407 , 0.0
4214.91204934 , 0.0
4215.97993367 , 0.0
4217.04790697 , 0.0
4219.18412014 , 0.0
4220.25235984 , 0.0
4221.32068816 , 0.0
4222.38910502 , 0.0
4223.45761034 , 0.0
4224.52620402 , 0.0
4226.66365614 , 0.0
4227.7325144 , 0.0
4228.80146069 , 0.0
4229.87049492 , 0.0
4232.00882684 , 0.0
4233.07812437 , 0.0
4234.14750948 , 0.0
4235.21698211 , 0.0
4236.28654216 , 0.0
4237.35618955 , 0.0
4238.42592419 , 0.0
4239.495746 , 0.0
4240.56565489 , 0.0
4241.63565078 , 0.0
4242.70573358 , 0.0
4243.7759032 , 0.0
4244.84615956 , 0.0
4245.91650258 , 0.0
4246.98693218 , 0.0
4248.05744825 , 0.0
4249.12805073 , 0.0
4250.19873952 , 0.0
4251.26951455 , 0.0
4252.34037572 , 0.0
4253.41132295 , 0.0
4254.48235616 , 0.0
4255.55347527 , 0.0
4256.62468018 , 0.0
4257.69597081 , 0.0
4258.76734708 , 0.0
4259.83880891 , 0.0
4260.91035621 , 0.0
4261.98198889 , 0.0
4263.05370688 , 0.0
4264.12551008 , 0.0
4265.19739842 , 0.0
4266.2693718 , 0.0
4267.34143015 , 0.0
4269.48580141 , 0.0
4270.55811415 , 0.0
4271.63051153 , 0.0
4272.70299344 , 0.0
4273.77555982 , 0.0
4274.84821058 , 0.0
4275.92094563 , 0.0
4276.9937649 , 0.0
4278.06666829 , 0.0
4279.13965573 , 0.0
4280.21272712 , 0.0
4281.2858824 , 0.0
4282.35912147 , 0.0
4284.50585065 , 0.0
4285.5793406 , 0.0
4286.65291402 , 0.0
4287.72657081 , 0.0
4288.80031089 , 0.0
4289.87413419 , 0.0
4290.94804062 , 0.0
4292.0220301 , 0.0
4293.09610254 , 0.0
4294.17025786 , 0.0
4295.24449598 , 0.0
4297.39322029 , 0.0
4298.46770631 , 0.0
4299.54227479 , 0.0
4300.61692567 , 0.0
4301.69165885 , 0.0
4302.76647425 , 0.0
4304.91635138 , 0.0
4305.99141296 , 0.0
4307.06655642 , 0.0
4308.14178169 , 0.0
4309.2170887 , 0.0
4310.29247735 , 0.0
4311.36794756 , 0.0
4312.44349926 , 0.0
4313.51913236 , 0.0
4314.59484678 , 0.0
4315.67064244 , 0.0
4316.74651925 , 0.0
4317.82247714 , 0.0
4318.89851602 , 0.0
4319.97463582 , 0.0
4321.05083644 , 0.0
4323.20347986 , 0.0
4324.27992249 , 0.0
4325.35644562 , 0.0
4327.50973308 , 0.0
4329.66334159 , 0.0
4330.74026603 , 0.0
4332.8943549 , 0.0
4333.97151916 , 0.0
4335.0487632 , 0.0
4336.12608694 , 0.0
4337.20349029 , 108.87
4338.28097318 , 307.864
4339.35853552 , 387.214
4340.43617723 , 229.16
4341.51389825 , 66.0278
4342.59169847 , 35.1145
4343.66957783 , 44.5246
4344.74753624 , 94.0358
4345.82557363 , 435.555
4346.90368991 , 927.234
4347.981885 , 963.641
4349.06015882 , 445.227
4350.1385113 , 93.6191
4351.21694235 , 70.0348
4352.2954519 , 127.925
4353.37403986 , 136.115
4354.45270615 , 310.747
4355.5314507 , 3424.55
4356.61027342 , 29635.4
4357.68917423 , 72363.6
4358.76815307 , 76089.6
4359.84720984 , 33578.5
4360.92634446 , 4674.1
4362.00555687 , 425.187
4363.08484697 , 218.822
4364.16421469 , 118.813
4365.24365995 , 93.8289
4366.32318267 , 66.9387
4367.40278277 , 34.896
4368.48246017 , 33.9587
4369.5622148 , 0.0
4370.64204658 , 37.3037
4371.72195541 , 0.0
4372.80194124 , 38.3987
4373.88200397 , 0.0
4374.96214354 , 0.0
4376.04235985 , 0.0
4377.12265284 , 0.0
4378.20302242 , 0.0
4379.28346852 , 0.0
4381.44458994 , 0.0
4382.52526511 , 0.0
4383.60601649 , 0.0
4384.68684398 , 0.0
4385.76774753 , 0.0
4386.84872704 , 0.0
4387.92978244 , 0.0
4389.01091365 , 0.0
4390.0921206 , 0.0
4391.1734032 , 0.0
4392.25476138 , 0.0
4393.33619506 , 0.0
4394.41770416 , 0.0
4395.49928861 , 0.0
4396.58094832 , 0.0
4397.66268323 , 0.0
4398.74449324 , 0.0
4399.82637829 , 0.0
4403.07248288 , 0.0
4404.1546673 , 0.0
4405.23692636 , 0.0
4406.31926 , 0.0
4407.40166813 , 0.0
4409.56670757 , 0.0
4410.64933872 , 0.0
4411.73204406 , 32.6968
4412.81482351 , 0.0
4413.89767699 , 47.0169
4414.98060443 , 0.0
4416.06360575 , 0.0
4417.14668087 , 0.0
4418.22982972 , 0.0
4419.31305222 , 0.0
4420.39634829 , 0.0
4421.47971786 , 0.0
4422.56316085 , 0.0
4423.64667719 , 0.0
4424.73026679 , 0.0
4426.89766551 , 0.0
4427.98147447 , 0.0
4429.06535639 , 0.0
4430.1493112 , 0.0
4431.23333882 , 0.0
4432.31743918 , 0.0
4433.40161221 , 0.0
4434.48585782 , 0.0
4435.57017594 , 0.0
4436.65456649 , 0.0
4438.8235646 , 0.0
4439.90817201 , 0.0
4440.99285155 , 0.0
4442.07760314 , 0.0
4443.16242672 , 0.0
4444.24732221 , 0.0
4445.33228953 , 0.0
4446.41732861 , 0.0
4447.50243936 , 0.0
4449.67287563 , 0.0
4451.84359773 , 0.0
4452.92906577 , 0.0
4455.10021549 , 0.0
4456.18589702 , 0.0
4457.27164955 , 0.0
4458.35747302 , 0.0
4459.44336735 , 0.0
4460.52933247 , 0.0
4461.6153683 , 0.0
4462.70147476 , 0.0
4463.7876518 , 0.0
4464.87389932 , 0.0
4465.96021725 , 0.0
4467.04660553 , 0.0
4468.13306408 , 0.0
4469.21959282 , 0.0
4470.30619168 , 0.0
4471.39286058 , 0.0
4472.47959946 , 0.0
4473.56640824 , 0.0
4474.65328684 , 0.0
4475.7402352 , 0.0
4476.82725323 , 0.0
4477.91434087 , 0.0
4479.00149804 , 0.0
4481.17602067 , 0.0
4482.263386 , 0.0
4483.35082056 , 0.0
4484.43832429 , 0.0
4485.5258971 , 0.0
4486.61353894 , 0.0
4487.70124973 , 0.0
4488.78902938 , 0.0
4489.87687784 , 0.0
4490.96479503 , 0.0
4492.05278087 , 0.0
4493.14083529 , 0.0
4494.22895823 , 0.0
4495.3171496 , 0.0
4496.40540933 , 0.0
4497.49373736 , 0.0
4499.670598 , 0.0
4500.75913047 , 0.0
4501.84773094 , 0.0
4502.93639934 , 0.0
4504.0251356 , 0.0
4505.11393965 , 0.0
4506.20281142 , 0.0
4507.29175082 , 0.0
4508.3807578 , 0.0
4509.46983227 , 0.0
4510.55897418 , 0.0
4511.64818344 , 0.0
4512.73745998 , 0.0
4513.82680373 , 0.0
4514.91621463 , 0.0
4516.00569259 , 0.0
4517.09523756 , 0.0
4518.18484944 , 0.0
4519.27452819 , 0.0
4520.36427371 , 0.0
4521.45408595 , 0.0
4522.54396484 , 0.0
4523.63391029 , 0.0
4524.72392224 , 0.0
4525.81400062 , 0.0
4526.90414535 , 0.0
4529.08463362 , 0.0
4530.174977 , 0.0
4531.26538646 , 0.0
4532.35586192 , 0.0
4533.44640331 , 0.0
4534.53701057 , 0.0
4535.62768362 , 0.0
4536.71842238 , 0.0
4537.8092268 , 0.0
4538.90009681 , 0.0
4539.99103232 , 0.0
4541.08203327 , 0.0
4542.17309959 , 0.0
4543.26423121 , 0.0
4544.35542806 , 0.0
4545.44669008 , 0.0
4546.53801718 , 0.0
4548.72086637 , 0.0
4549.81238832 , 0.0
4550.90397509 , 0.0
4551.99562659 , 0.0
4553.08734277 , 0.0
4554.17912355 , 0.0
4555.27096886 , 0.0
4556.36287863 , 0.0
4558.54689129 , 0.0
4559.63899404 , 0.0
4560.73116097 , 0.0
4561.82339202 , 0.0
4562.91568712 , 0.0
4564.00804619 , 0.0
4565.10046918 , 0.0
4566.19295601 , 0.0
4567.28550661 , 0.0
4568.37812091 , 0.0
4569.47079884 , 0.0
4570.56354035 , 0.0
4571.65634535 , 0.0
4572.74921377 , 0.0
4573.84214556 , 0.0
4574.93514064 , 0.0
4576.02819894 , 0.0
4577.1213204 , 0.0
4578.21450494 , 0.0
4579.3077525 , 0.0
4580.40106301 , 0.0
4581.4944364 , 0.0
4582.58787261 , 0.0
4583.68137156 , 0.0
4585.86855743 , 0.0
4586.96224421 , 0.0
4588.05599346 , 0.0
4589.14980513 , 0.0
4590.24367912 , 0.0
4591.3376154 , 0.0
4592.43161387 , 0.0
4593.52567448 , 0.0
4594.61979716 , 0.0
4595.71398183 , 0.0
4596.80822845 , 0.0
4597.90253693 , 0.0
4598.9969072 , 0.0
4600.09133921 , 0.0
4601.18583289 , 0.0
4602.28038816 , 0.0
4603.37500496 , 0.0
4604.46968323 , 0.0
4605.56442289 , 0.0
4606.65922388 , 0.0
4607.75408614 , 0.0
4608.84900959 , 0.0
4609.94399417 , 0.0
4611.03903981 , 0.0
4612.13414645 , 0.0
4613.22931402 , 0.0
4614.32454245 , 0.0
4615.41983168 , 0.0
4616.51518164 , 0.0
4617.61059227 , 0.0
4618.70606349 , 0.0
4619.80159525 , 0.0
4620.89718747 , 0.0
4621.99284009 , 0.0
4623.08855304 , 0.0
4624.18432626 , 0.0
4625.28015968 , 0.0
4626.37605324 , 0.0
4627.47200687 , 0.0
4628.5680205 , 0.0
4629.66409407 , 0.0
4630.76022752 , 0.0
4631.85642077 , 0.0
4632.95267376 , 0.0
4634.04898643 , 0.0
4635.14535871 , 0.0
4636.24179054 , 0.0
4637.33828184 , 0.0
4638.43483256 , 0.0
4639.53144263 , 0.0
4640.62811199 , 0.0
4641.72484056 , 0.0
4642.82162829 , 0.0
4643.91847511 , 0.0
4645.01538096 , 0.0
4646.11234576 , 0.0
4647.20936946 , 0.0
4648.30645199 , 0.0
4649.40359328 , 0.0
4650.50079327 , 0.0
4651.5980519 , 0.0
4652.69536911 , 0.0
4653.79274482 , 0.0
4655.9876715 , 0.0
4657.08522235 , 0.0
4658.18283144 , 0.0
4659.28049872 , 0.0
4660.37822413 , 58.6876
4661.47600759 , 103.968
4662.57384904 , 128.912
4663.67174842 , 98.8166
4664.76970567 , 0.0
4665.86772072 , 0.0
4666.96579351 , 0.0
4668.06392397 , 0.0
4669.16211205 , 0.0
4670.26035767 , 0.0
4671.35866077 , 0.0
4672.45702129 , 0.0
4673.55543917 , 0.0
4674.65391434 , 73.0597
4675.75244674 , 1051.57
4676.8510363 , 4821.45
4677.94968297 , 8029.19
4679.04838668 , 6838.14
4680.14714737 , 2503.36
4681.24596496 , 345.813
4682.34483941 , 31.0533
4683.44377065 , 0.0
4684.54275861 , 31.1446
4685.64180323 , 0.0
4686.74090445 , 0.0
4687.8400622 , 0.0
4688.93927643 , 0.0
4691.13787406 , 0.0
4692.23725733 , 0.0
4693.33669682 , 0.0
4694.43619248 , 0.0
4695.53574423 , 0.0
4696.63535202 , 0.0
4697.73501578 , 0.0
4698.83473546 , 0.0
4699.93451098 , 0.0
4701.03434229 , 0.0
4702.13422932 , 0.0
4703.23417202 , 0.0
4704.33417031 , 0.0
4705.43422415 , 0.0
4706.53433346 , 0.0
4707.63449819 , 0.0
4708.73471827 , 0.0
4709.83499365 , 0.0
4710.93532425 , 0.0
4712.03571002 , 0.0
4713.1361509 , 0.0
4714.23664683 , 0.0
4715.33719774 , 0.0
4716.43780357 , 0.0
4717.53846426 , 0.0
4718.63917976 , 0.0
4719.73994999 , 0.0
4720.8407749 , 0.0
4721.94165443 , 0.0
4723.04258851 , 0.0
4724.14357709 , 0.0
4725.24462011 , 0.0
4726.34571749 , 0.0
4727.44686919 , 0.0
4728.54807514 , 0.0
4729.64933528 , 0.0
4730.75064956 , 0.0
4731.8520179 , 0.0
4732.95344025 , 0.0
4734.05491655 , 0.0
4735.15644673 , 0.0
4736.25803075 , 0.0
4737.35966853 , 0.0
4738.46136002 , 0.0
4739.56310516 , 0.0
4740.66490388 , 0.0
4741.76675613 , 0.0
4742.86866185 , 0.0
4743.97062097 , 0.0
4745.07263344 , 0.0
4746.1746992 , 0.0
4747.27681818 , 0.0
4748.37899033 , 0.0
4749.48121559 , 0.0
4750.5834939 , 0.0
4751.68582519 , 0.0
4752.78820941 , 0.0
4753.8906465 , 0.0
4754.99313641 , 0.0
4756.09567906 , 0.0
4757.1982744 , 0.0
4758.30092237 , 0.0
4759.40362292 , 0.0
4760.50637598 , 0.0
4761.60918149 , 0.0
4762.7120394 , 0.0
4763.81494964 , 0.0
4764.91791216 , 0.0
4766.0209269 , 0.0
4767.1239938 , 0.0
4768.22711279 , 0.0
4769.33028383 , 0.0
4770.43350685 , 0.0
4772.64010861 , 0.0
4773.74348723 , 0.0
4774.84691759 , 0.0
4775.95039965 , 0.0
4777.05393333 , 0.0
4778.15751859 , 0.0
4779.26115537 , 0.0
4780.3648436 , 0.0
4781.46858323 , 0.0
4782.5723742 , 0.0
4783.67621645 , 0.0
4784.78010992 , 0.0
4785.88405457 , 0.0
4786.98805032 , 0.0
4788.09209712 , 0.0
4789.19619491 , 43.3688
4790.30034364 , 0.0
4791.40454324 , 0.0
4792.50879366 , 0.0
4793.61309485 , 38.7197
4794.71744674 , 49.2392
4795.82184928 , 81.5509
4796.9263024 , 873.505
4798.03080606 , 6897.03
4799.13536019 , 17277.1
4800.23996474 , 21595.9
4801.34461965 , 12839.2
4802.44932486 , 3483.43
4803.55408032 , 336.658
4804.65888596 , 62.5499
4805.76374174 , 65.0916
4806.86864759 , 33.7323
4807.97360346 , 35.5176
4809.07860929 , 0.0
4810.18366502 , 0.0
4811.2887706 , 0.0
4812.39392597 , 0.0
4813.49913108 , 0.0
4814.60438586 , 0.0
4815.70969026 , 0.0
4816.81504423 , 0.0
4817.9204477 , 0.0
4819.02590062 , 0.0
4820.13140294 , 0.0
4821.2369546 , 30.6716
4822.34255554 , 0.0
4823.44820571 , 0.0
4824.55390504 , 0.0
4825.65965349 , 0.0
4826.765451 , 0.0
4827.87129751 , 0.0
4828.97719296 , 0.0
4830.08313731 , 0.0
4831.18913048 , 0.0
4832.29517244 , 0.0
4833.40126312 , 0.0
4834.50740246 , 0.0
4835.61359042 , 0.0
4836.71982693 , 0.0
4837.82611195 , 33.4917
4838.9324454 , 0.0
4840.03882725 , 0.0
4841.14525743 , 0.0
4842.25173589 , 0.0
4843.35826257 , 0.0
4844.46483742 , 0.0
4845.57146038 , 0.0
4846.6781314 , 0.0
4847.78485042 , 0.0
4848.89161739 , 0.0
4849.99843225 , 0.0
4851.10529495 , 0.0
4852.21220543 , 0.0
4853.31916364 , 0.0
4854.42616952 , 0.0
4856.64032409 , 0.0
4857.74747267 , 0.0
4858.85466869 , 0.0
4859.96191212 , 0.0
4861.0692029 , 0.0
4862.17654096 , 0.0
4863.28392627 , 0.0
4864.39135875 , 0.0
4865.49883836 , 0.0
4866.60636505 , 0.0
4867.71393876 , 0.0
4868.82155943 , 0.0
4869.92922701 , 0.0
4871.03694146 , 0.0
4872.1447027 , 0.0
4873.2525107 , 0.0
4874.36036539 , 0.0
4875.46826672 , 0.0
4876.57621464 , 0.0
4877.6842091 , 0.0
4878.79225004 , 0.0
4879.9003374 , 0.0
4881.00847114 , 0.0
4882.1166512 , 0.0
4883.22487752 , 0.0
4884.33315006 , 0.0
4885.44146876 , 0.0
4886.54983357 , 0.0
4887.65824442 , 0.0
4888.76670128 , 0.0
4889.87520409 , 0.0
4890.98375279 , 0.0
4892.09234733 , 0.0
4893.20098766 , 0.0
4894.30967372 , 0.0
4895.41840547 , 0.0
4896.52718284 , 0.0
4897.63600579 , 0.0
4898.74487427 , 0.0
4899.85378821 , 0.0
4900.96274758 , 0.0
4902.0717523 , 0.0
4903.18080235 , 0.0
4904.28989765 , 0.0
4905.39903816 , 0.0
4906.50822382 , 0.0
4907.61745459 , 0.0
4908.72673041 , 0.0
4909.83605123 , 0.0
4910.94541699 , 0.0
4912.05482765 , 0.0
4913.16428315 , 48.7531
4914.27378344 , 164.604
4915.38332847 , 363.94
4916.49291818 , 383.394
4917.60255253 , 249.179
4918.71223145 , 84.9777
4919.82195491 , 0.0
4920.93172285 , 0.0
4922.04153521 , 0.0
4923.15139195 , 0.0
4924.26129301 , 0.0
4925.37123835 , 0.0
4926.4812279 , 0.0
4927.59126162 , 0.0
4928.70133946 , 0.0
4929.81146137 , 0.0
4930.92162728 , 0.0
4932.03183717 , 0.0
4933.14209096 , 0.0
4934.25238861 , 0.0
4935.36273008 , 0.0
4936.4731153 , 0.0
4937.58354423 , 0.0
4938.69401681 , 0.0
4939.804533 , 0.0
4940.91509274 , 0.0
4942.02569599 , 0.0
4943.13634269 , 0.0
4944.24703279 , 0.0
4945.35776624 , 0.0
4946.46854299 , 0.0
4948.69022619 , 0.0
4949.80113254 , 0.0
4950.91208199 , 0.0
4953.13410997 , 0.0
4954.24518841 , 0.0
4955.35630974 , 0.0
4956.46747392 , 0.0
4957.57868089 , 0.0
4958.68993061 , 36.9669
4959.80122303 , 52.3715
4960.91255809 , 35.4505
4962.02393575 , 42.9632
4963.13535595 , 0.0
4964.24681864 , 0.0
4965.35832379 , 0.0
4966.46987132 , 0.0
4967.58146121 , 0.0
4968.69309339 , 0.0
4969.80476781 , 0.0
4970.91648443 , 0.0
4972.0282432 , 0.0
4973.14004407 , 0.0
4974.25188698 , 0.0
4975.36377189 , 0.0
4976.47569876 , 0.0
4977.58766752 , 0.0
4978.69967813 , 0.0
4979.81173054 , 0.0
4980.9238247 , 0.0
4982.03596057 , 0.0
4983.14813808 , 0.0
4984.26035721 , 0.0
4985.37261788 , 0.0
4986.48492007 , 0.0
4987.59726371 , 0.0
4988.70964875 , 0.0
4989.82207516 , 0.0
4990.93454288 , 0.0
4992.04705186 , 0.0
4993.15960205 , 0.0
4994.2721934 , 0.0
4995.38482587 , 0.0
4996.49749941 , 0.0
4997.61021396 , 0.0
4998.72296949 , 0.0
4999.83576593 , 0.0
5000.94860325 , 0.0
5002.06148139 , 0.0
5003.17440031 , 0.0
5004.28735995 , 33.7728
5005.40036028 , 0.0
5006.51340123 , 0.0
5007.62648277 , 0.0
5008.73960484 , 0.0
5009.8527674 , 0.0
5010.9659704 , 0.0
5012.07921379 , 0.0
5013.19249752 , 0.0
5014.30582154 , 0.0
5015.41918581 , 0.0
5016.53259028 , 0.0
5017.6460349 , 0.0
5018.75951963 , 0.0
5019.87304441 , 0.0
5020.9866092 , 0.0
5022.10021394 , 0.0
5023.21385861 , 0.0
5024.32754313 , 0.0
5025.44126748 , 0.0
5026.55503159 , 35.5091
5027.66883543 , 0.0
5028.78267894 , 0.0
5029.89656208 , 0.0
5031.0104848 , 0.0
5032.12444706 , 0.0
5033.2384488 , 0.0
5034.35248998 , 0.0
5035.46657056 , 0.0
5036.58069047 , 0.0
5037.69484969 , 37.2179
5038.80904816 , 42.2876
5039.92328583 , 34.1963
5041.03756266 , 0.0
5042.15187861 , 0.0
5043.26623361 , 0.0
5044.38062763 , 0.0
5045.49506062 , 0.0
5046.60953254 , 0.0
5047.72404333 , 0.0
5048.83859296 , 0.0
5049.95318137 , 0.0
5051.06780851 , 0.0
5052.18247435 , 0.0
5053.29717883 , 0.0
5054.41192191 , 0.0
5055.52670354 , 0.0
5057.75638227 , 0.0
5058.87127928 , 0.0
5059.98621465 , 0.0
5061.10118835 , 0.0
5062.21620032 , 0.0
5063.33125052 , 0.0
5064.4463389 , 0.0
5065.56146542 , 0.0
5066.67663003 , 0.0
5067.79183268 , 0.0
5068.90707334 , 0.0
5070.02235194 , 0.0
5071.13766846 , 0.0
5072.25302283 , 0.0
5073.36841503 , 39.487
5074.48384499 , 34.0232
5075.59931268 , 47.7761
5076.71481804 , 0.0
5077.83036104 , 42.41
5078.94594163 , 75.9132
5080.06155976 , 90.1885
5081.17721539 , 112.354
5082.29290847 , 582.084
5083.40863896 , 6624.0
5084.52440681 , 19836.6
5085.64021198 , 33140.9
5086.75605441 , 28546.5
5087.87193408 , 13163.9
5088.98785092 , 2971.1
5090.1038049 , 224.06
5091.21979597 , 111.628
5092.33582409 , 60.8042
5093.45188921 , 44.1022
5094.56799128 , 49.655
5095.68413026 , 0.0
5096.80030611 , 0.0
5097.91651878 , 0.0
5099.03276823 , 0.0
5100.14905441 , 31.3304
5101.26537728 , 0.0
5102.38173679 , 0.0
5103.4981329 , 0.0
5104.61456556 , 0.0
5105.73103473 , 0.0
5106.84754036 , 0.0
5107.96408242 , 0.0
5109.08066085 , 0.0
5111.31392666 , 0.0
5112.43061395 , 0.0
5113.54733743 , 0.0
5114.66409708 , 32.6217
5115.78089283 , 33.9512
5116.89772465 , 47.123
5118.01459249 , 30.0749
5119.13149631 , 0.0
5120.24843606 , 0.0
5121.3654117 , 0.0
5122.48242318 , 30.218
5123.59947047 , 37.412
5124.71655352 , 0.0
5126.95082671 , 0.0
5128.06801677 , 0.0
5129.18524241 , 0.0
5130.30250358 , 0.0
5131.41980026 , 0.0
5132.53713238 , 0.0
5133.65449992 , 0.0
5134.77190282 , 0.0
5135.88934103 , 0.0
5137.00681453 , 0.0
5138.12432326 , 0.0
5139.24186719 , 0.0
5140.35944626 , 0.0
5141.47706043 , 0.0
5142.59470966 , 0.0
5143.71239392 , 0.0
5144.83011314 , 0.0
5145.9478673 , 32.3476
5147.06565635 , 0.0
5149.30133893 , 0.0
5150.41923238 , 0.0
5151.53716055 , 0.0
5152.65512339 , 73.6276
5153.77312086 , 117.34
5154.89115292 , 168.049
5156.00921952 , 120.821
5157.12732063 , 59.6452
5158.24545619 , 30.7331
5159.36362617 , 0.0
5160.48183052 , 0.0
5161.6000692 , 0.0
5162.71834217 , 0.0
5163.83664939 , 0.0
5164.9549908 , 0.0
5166.07336638 , 0.0
5167.19177608 , 0.0
5168.31021985 , 0.0
5169.42869765 , 0.0
5170.54720945 , 0.0
5171.66575519 , 0.0
5172.78433484 , 0.0
5173.90294835 , 0.0
5175.02159568 , 0.0
5176.14027679 , 0.0
5178.37774018 , 0.0
5179.49652238 , 0.0
5180.61533818 , 0.0
5181.73418756 , 0.0
5182.85307046 , 0.0
5183.97198684 , 0.0
5185.09093667 , 0.0
5186.2099199 , 0.0
5187.32893648 , 0.0
5188.44798638 , 0.0
5189.56706956 , 0.0
5190.68618597 , 0.0
5191.80533557 , 0.0
5192.92451832 , 0.0
5194.04373418 , 0.0
5195.16298311 , 0.0
5196.28226506 , 0.0
5197.40157999 , 0.0
5198.52092786 , 0.0
5199.64030864 , 0.0
5200.75972227 , 0.0
5201.87916872 , 0.0
5202.99864794 , 0.0
5204.1181599 , 0.0
5205.23770455 , 0.0
5206.35728186 , 0.0
5207.47689177 , 0.0
5208.59653425 , 0.0
5209.71620926 , 0.0
5210.83591676 , 0.0
5211.9556567 , 0.0
5213.07542904 , 0.0
5214.19523375 , 0.0
5215.31507078 , 0.0
5216.43494009 , 0.0
5217.55484164 , 0.0
5218.67477539 , 0.0
5219.7947413 , 0.0
5220.91473932 , 0.0
5222.03476942 , 0.0
5223.15483156 , 0.0
5224.27492569 , 0.0
5226.51520977 , 0.0
5227.63539964 , 0.0
5228.75562134 , 0.0
5229.87587483 , 0.0
5230.99616007 , 0.0
5232.11647702 , 0.0
5233.23682564 , 0.0
5234.35720588 , 0.0
5235.47761772 , 0.0
5236.5980611 , 0.0
5237.71853598 , 0.0
5238.83904234 , 0.0
5239.95958012 , 0.0
5241.08014928 , 0.0
5242.20074979 , 0.0
5243.32138161 , 0.0
5245.56273899 , 0.0
5246.68346448 , 0.0
5247.80422111 , 0.0
5248.92500885 , 0.0
5250.04582765 , 0.0
5251.16667747 , 0.0
5252.28755827 , 0.0
5253.40847002 , 0.0
5254.52941267 , 0.0
5255.65038619 , 0.0
5256.77139052 , 0.0
5257.89242564 , 0.0
5259.01349151 , 0.0
5261.25571531 , 0.0
5262.37687316 , 0.0
5263.4980616 , 0.0
5264.61928058 , 0.0
5265.74053007 , 0.0
5266.86181002 , 0.0
5267.98312039 , 0.0
5269.10446115 , 0.0
5270.22583226 , 0.0
5271.34723367 , 0.0
5272.46866535 , 0.0
5273.59012725 , 0.0
5274.71161934 , 0.0
5275.83314158 , 0.0
5276.95469393 , 0.0
5278.07627634 , 0.0
5279.19788879 , 0.0
5281.44120361 , 0.0
5282.56290591 , 0.0
5283.68463807 , 0.0
5284.80640007 , 0.0
5285.92819187 , 0.0
5287.05001342 , 0.0
5288.17186468 , 0.0
5289.29374561 , 0.0
5290.41565619 , 0.0
5291.53759636 , 0.0
5292.65956609 , 0.0
5293.78156533 , 0.0
5294.90359406 , 0.0
5297.1477398 , 0.0
5298.26985673 , 0.0
5299.39200299 , 0.0
5300.51417853 , 0.0
5301.63638331 , 0.0
5303.88088047 , 0.0
5305.00317276 , 0.0
5306.12549414 , 0.0
5307.24784457 , 0.0
5308.37022401 , 0.0
5309.49263243 , 0.0
5310.61506979 , 0.0
5312.86003114 , 0.0
5313.98255507 , 0.0
5315.10510778 , 0.0
5316.22768923 , 0.0
5317.35029938 , 0.0
5318.4729382 , 0.0
5319.59560564 , 0.0
5320.71830167 , 0.0
5321.84102625 , 0.0
5322.96377934 , 0.0
5324.0865609 , 0.0
5325.2093709 , 0.0
5326.33220929 , 0.0
5327.45507604 , 0.0
5328.57797111 , 46.1324
5329.70089445 , 82.6584
5330.82384604 , 99.1209
5331.94682584 , 82.5779
5333.06983379 , 39.0492
5334.19286988 , 41.006
5336.43902627 , 0.0
5337.56214651 , 0.0
5338.68529472 , 39.8462
5339.80847087 , 47.7824
5340.93167491 , 106.337
5342.05490681 , 105.024
5343.17816654 , 78.9068
5344.30145405 , 51.0229
5345.4247693 , 0.0
5346.54811226 , 0.0
5347.67148289 , 0.0
5348.79488115 , 0.0
5349.91830701 , 0.0
5351.04176042 , 0.0
5352.16524135 , 0.0
5353.28874976 , 46.4873
5354.41228561 , 65.0724
5355.53584886 , 31.3351
5356.65943948 , 38.2251
5357.78305743 , 0.0
5358.90670266 , 0.0
5360.03037516 , 0.0
5361.15407486 , 31.3397
5362.27780174 , 0.0
5363.40155577 , 0.0
5364.52533689 , 0.0
5365.64914508 , 0.0
5366.77298029 , 0.0
5367.89684249 , 0.0
5369.02073164 , 0.0
5370.14464771 , 0.0
5371.26859065 , 0.0
5372.39256043 , 0.0
5373.51655701 , 36.7542
5374.64058036 , 0.0
5375.76463042 , 0.0
5376.88870718 , 0.0
5378.01281059 , 0.0
5379.13694061 , 0.0
5380.2610972 , 0.0
5381.38528034 , 0.0
5382.50948997 , 0.0
5383.63372607 , 0.0
5384.75798859 , 0.0
5385.8822775 , 0.0
5387.00659276 , 0.0
5388.13093434 , 0.0
5389.25530219 , 0.0
5390.37969628 , 0.0
5391.50411657 , 0.0
5392.62856303 , 0.0
5393.75303561 , 0.0
5394.87753429 , 0.0
5396.00205902 , 0.0
5397.12660976 , 0.0
5398.25118648 , 70.298
5399.37578914 , 164.918
5400.50041771 , 234.278
5401.62507214 , 216.507
5402.7497524 , 118.433
5403.87445845 , 40.0654
5404.99919026 , 0.0
5406.12394779 , 0.0
5407.248731 , 0.0
5408.37353985 , 0.0
5410.62323434 , 0.0
5411.74811991 , 0.0
5412.87303097 , 0.0
5413.99796749 , 0.0
5415.12292943 , 0.0
5416.24791675 , 0.0
5417.37292943 , 0.0
5418.49796741 , 0.0
5419.62303067 , 0.0
5420.74811917 , 0.0
5421.87323286 , 0.0
5422.99837173 , 0.0
5424.12353571 , 0.0
5425.24872479 , 0.0
5426.37393892 , 0.0
5427.49917807 , 0.0
5428.62444219 , 0.0
5429.74973126 , 0.0
5430.87504524 , 0.0
5432.00038408 , 0.0
5433.12574776 , 0.0
5434.25113623 , 0.0
5435.37654946 , 32.415
5436.50198741 , 0.0
5437.62745005 , 0.0
5438.75293733 , 31.8081
5439.87844923 , 0.0
5441.0039857 , 0.0
5442.12954671 , 34.9678
5443.25513223 , 47.7308
5444.3807422 , 52.8995
5445.50637661 , 66.5353
5446.63203541 , 46.7661
5447.75771857 , 56.6648
5448.88342604 , 65.4054
5450.00915779 , 58.039
5451.13491379 , 73.4084
5452.260694 , 94.5089
5453.38649839 , 158.541
5454.5123269 , 256.495
5455.63817952 , 373.389
5456.7640562 , 1162.86
5457.88995691 , 18463.9
5459.0158816 , 70318.3
5460.14183025 , 133652.0
5461.26780282 , 152380.0
5462.39379926 , 96806.7
5463.51981955 , 35620.7
5464.64586365 , 5066.89
5465.77193152 , 701.575
5466.89802312 , 475.786
5468.02413842 , 282.358
5469.15027738 , 129.419
5470.27643997 , 115.863
5471.40262615 , 97.4977
5472.52883587 , 76.605
5473.65506912 , 61.9591
5474.78132584 , 51.8034
5475.90760601 , 42.804
5477.03390958 , 37.3283
5478.16023652 , 34.6291
5479.2865868 , 31.4496
5480.41296037 , 32.4518
5481.53935721 , 0.0
5482.66577727 , 31.7351
5483.79222052 , 33.0571
5484.91868692 , 0.0
5486.04517644 , 0.0
5487.17168904 , 0.0
5488.29822468 , 0.0
5489.42478333 , 0.0
5490.55136495 , 0.0
5491.6779695 , 0.0
5492.80459695 , 0.0
5493.93124726 , 0.0
5495.0579204 , 0.0
5496.18461633 , 0.0
5497.31133501 , 0.0
5498.43807641 , 0.0
5499.56484049 , 0.0
5500.69162721 , 0.0
5501.81843655 , 0.0
5502.94526845 , 0.0
5504.07212289 , 0.0
5505.19899983 , 0.0
5506.32589923 , 0.0
5508.57976528 , 0.0
5509.70673185 , 0.0
5510.83372075 , 0.0
5511.96073192 , 0.0
5513.08776534 , 0.0
5514.21482097 , 0.0
5515.34189878 , 0.0
5516.46899872 , 0.0
5517.59612077 , 0.0
5518.72326488 , 0.0
5519.85043101 , 0.0
5520.97761914 , 0.0
5522.10482923 , 0.0
5523.23206124 , 0.0
5524.35931513 , 0.0
5525.48659087 , 0.0
5526.61388843 , 0.0
5527.74120776 , 0.0
5528.86854883 , 0.0
5529.9959116 , 0.0
5531.12329604 , 0.0
5532.25070211 , 0.0
5533.37812978 , 0.0
5534.505579 , 0.0
5535.63304975 , 0.0
5536.76054198 , 0.0
5537.88805567 , 0.0
5539.01559077 , 0.0
5540.14314725 , 0.0
5541.27072507 , 0.0
5542.3983242 , 0.0
5543.5259446 , 0.0
5544.65358623 , 0.0
5545.78124906 , 0.0
5546.90893305 , 0.0
5548.03663816 , 0.0
5549.16436437 , 0.0
5550.29211163 , 0.0
5551.4198799 , 0.0
5552.54766916 , 0.0
5553.67547936 , 0.0
5554.80331047 , 0.0
5555.93116246 , 0.0
5557.05903528 , 0.0
5559.31484328 , 0.0
5560.44277839 , 0.0
5561.5707342 , 0.0
5562.69871066 , 0.0
5563.82670774 , 0.0
5564.9547254 , 0.0
5566.08276361 , 0.0
5567.21082233 , 0.0
5569.46700116 , 0.0
5570.5951212 , 0.0
5571.72326161 , 0.0
5572.85142234 , 0.0
5573.97960337 , 0.0
5575.10780466 , 0.0
5576.23602617 , 0.0
5577.36426787 , 0.0
5578.49252971 , 0.0
5579.62081167 , 0.0
5580.74911371 , 0.0
5581.87743578 , 0.0
5583.00577787 , 0.0
5584.13413992 , 0.0
5585.2625219 , 0.0
5586.39092378 , 0.0
5587.51934552 , 0.0
5588.64778708 , 0.0
5589.77624843 , 0.0
5590.90472953 , 0.0
5592.03323035 , 0.0
5594.29029099 , 0.0
5595.41885073 , 0.0
5596.54743005 , 0.0
5597.6760289 , 0.0
5598.80464725 , 0.0
5599.93328506 , 0.0
5601.06194229 , 0.0
5602.19061891 , 0.0
5603.31931489 , 0.0
5604.44803018 , 0.0
5605.57676475 , 0.0
5606.70551857 , 0.0
5607.83429159 , 0.0
5610.09189511 , 0.0
5611.22072554 , 0.0
5612.34957503 , 0.0
5613.47844355 , 0.0
5614.60733105 , 0.0
5615.73623751 , 0.0
5616.86516288 , 0.0
5617.99410714 , 0.0
5619.12307023 , 0.0
5620.25205214 , 0.0
5621.38105282 , 0.0
5622.51007223 , 0.0
5623.63911034 , 0.0
5624.76816711 , 0.0
5625.89724251 , 0.0
5627.02633649 , 0.0
5628.15544903 , 0.0
5629.28458009 , 0.0
5632.67208398 , 0.0
5633.80128873 , 0.0
5634.93051182 , 0.0
5636.0597532 , 0.0
5637.18901285 , 0.0
5638.31829072 , 0.0
5639.44758677 , 0.0
5640.57690098 , 0.0
5642.8355837 , 0.0
5643.96495214 , 0.0
5645.09433858 , 0.0
5646.22374299 , 0.0
5647.35316533 , 0.0
5648.48260557 , 0.0
5650.74153958 , 0.0
5651.87103328 , 0.0
5653.00054472 , 0.0
5654.13007388 , 0.0
5655.25962072 , 48.009
5656.38918519 , 48.7518
5657.51876726 , 46.9803
5658.64836689 , 0.0
5659.77798405 , 0.0
5660.90761871 , 0.0
5662.03727081 , 0.0
5663.16694033 , 0.0
5664.29662724 , 0.0
5665.42633148 , 0.0
5667.68579186 , 0.0
5668.81554791 , 0.0
5669.94532116 , 0.0
5671.07511157 , 0.0
5673.33474371 , 0.0
5675.59444405 , 39.2816
5676.7243197 , 0.0
5677.85421228 , 0.0
5678.98412176 , 0.0
5680.11404811 , 0.0
5681.24399128 , 0.0
5682.37395124 , 0.0
5683.50392795 , 0.0
5685.76393148 , 0.0
5686.89395823 , 0.0
5688.02400157 , 0.0
5689.15406149 , 0.0
5690.28413793 , 41.7101
5691.41423086 , 0.0
5692.54434025 , 0.0
5693.67446605 , 0.0
5694.80460823 , 0.0
5695.93476676 , 0.0
5700.45556354 , 0.0
5701.58580322 , 0.0
5702.71605901 , 0.0
5703.84633089 , 0.0
5704.97661881 , 0.0
5706.10692274 , 0.0
5709.49793017 , 0.0
5710.62829775 , 0.0
5711.75868114 , 0.0
5712.88908032 , 0.0
5714.01949523 , 0.0
5716.28037215 , 0.0
5717.41083407 , 0.0
5718.54131158 , 39.9339
5719.67180465 , 33.2137
5720.80231324 , 0.0
5721.93283731 , 0.0
5723.06337681 , 0.0
5725.324502 , 0.0
5726.45508761 , 0.0
5727.58568851 , 0.0
5729.84693602 , 0.0
5730.97758256 , 0.0
5732.10824424 , 0.0
5733.23892102 , 0.0
5734.36961287 , 0.0
5735.50031974 , 0.0
5736.63104159 , 0.0
5737.7617784 , 0.0
5740.0232967 , 0.0
5741.15407812 , 0.0
5742.28487434 , 0.0
5743.41568532 , 0.0
5744.54651102 , 0.0
5745.6773514 , 31.1556
5746.80820642 , 47.7659
5747.93907605 , 70.7214
5749.06996024 , 77.1182
5750.20085897 , 37.6601
5751.33177218 , 39.2202
5752.46269985 , 0.0
5753.59364193 , 0.0
5754.72459838 , 0.0
5755.85556917 , 0.0
5756.98655426 , 0.0
5758.11755361 , 0.0
5759.24856718 , 35.5757
5760.37959494 , 0.0
5761.51063683 , 68.9704
5762.64169284 , 200.577
5763.7727629 , 357.532
5764.903847 , 416.59
5766.03494509 , 731.596
5767.16605713 , 4897.66
5768.29718308 , 13417.7
5769.4283229 , 22143.4
5770.55947656 , 21097.0
5771.69064401 , 11621.1
5772.82182522 , 3599.9
5773.95302014 , 414.211
5775.08422875 , 102.354
5776.215451 , 46.3996
5777.34668684 , 45.0515
5778.47793625 , 0.0
5779.60919918 , 38.7432
5780.7404756 , 38.931
5781.87176546 , 0.0
5783.00306872 , 48.173
5784.13438536 , 47.7142
5785.26571532 , 78.2132
5786.39705856 , 140.713
5787.52841506 , 1503.92
5788.65978477 , 7883.85
5789.79116764 , 17172.7
5790.92256365 , 23115.2
5792.05397275 , 17855.0
5793.1853949 , 8335.27
5794.31683006 , 1997.18
5795.4482782 , 193.148
5796.57973927 , 84.9821
5797.71121323 , 77.8458
5798.84270005 , 44.4605
5799.97419969 , 31.3167
5801.1057121 , 30.3915
5802.23723724 , 61.1898
5803.36877508 , 112.877
5804.50032558 , 109.831
5805.6318887 , 66.6893
5806.76346439 , 40.6829
5807.89505261 , 35.5007
5809.02665334 , 0.0
5810.15826652 , 0.0
5811.28989212 , 0.0
5812.4215301 , 0.0
5813.55318042 , 0.0
5814.68484303 , 0.0
5815.8165179 , 0.0
5816.94820498 , 0.0
5818.07990425 , 71.9801
5819.21161565 , 156.864
5820.34333915 , 210.377
5821.4750747 , 165.605
5822.60682227 , 66.1895
5823.73858182 , 35.3556
5826.00213668 , 0.0
5827.13393191 , 0.0
5828.26573895 , 0.0
5830.52938833 , 0.0
5831.66123057 , 0.0
5832.79308447 , 0.0
5833.92494998 , 0.0
5836.18871567 , 0.0
5837.32061577 , 0.0
5838.45252732 , 0.0
5839.58445028 , 0.0
5840.7163846 , 0.0
5841.84833025 , 0.0
5842.98028718 , 0.0
5844.11225536 , 0.0
5845.24423474 , 0.0
5846.37622529 , 31.9117
5847.50822695 , 41.8187
5848.6402397 , 61.6131
5849.77226348 , 1800.39
5850.90429826 , 6757.65
5852.036344 , 12814.1
5853.16840065 , 14150.1
5854.30046818 , 9306.49
5855.43254653 , 3458.43
5856.56463568 , 553.841
5857.69673558 , 61.3471
5858.82884618 , 45.8157
5859.96096746 , 34.3955
5862.22524183 , 0.0
5863.35739485 , 0.0
5864.48955838 , 0.0
5865.62173235 , 0.0
5866.75391675 , 0.0
5867.88611152 , 0.0
5869.01831662 , 0.0
5870.15053201 , 40.9113
5871.28275766 , 60.7473
5872.4149935 , 76.8991
5873.54723952 , 88.955
5874.67949565 , 67.1579
5875.81176187 , 41.4214
5876.94403812 , 0.0
5878.07632437 , 57.7409
5879.20862057 , 1107.58
5880.34092669 , 4318.44
5881.47324267 , 7912.98
5882.60556848 , 9069.59
5883.73790408 , 5723.61
5884.87024942 , 2060.36
5886.00260445 , 326.599
5887.13496915 , 0.0
5888.26734345 , 0.0
5889.39972733 , 0.0
5890.53212074 , 0.0
5891.66452363 , 0.0
5892.79693597 , 0.0
5893.9293577 , 0.0
5895.0617888 , 0.0
5896.19422921 , 0.0
5897.32667889 , 0.0
5898.4591378 , 0.0
5899.59160589 , 0.0
5900.72408313 , 73.9946
5901.85656946 , 143.263
5902.98906485 , 134.63
5904.12156926 , 114.907
5905.25408263 , 88.315
5906.38660493 , 78.6858
5907.51913611 , 72.5825
5908.65167613 , 0.0
5909.78422495 , 0.0
5910.91678252 , 0.0
5912.04934879 , 0.0
5913.18192373 , 0.0
5914.31450729 , 31.8273
5915.44709943 , 0.0
5916.57970011 , 0.0
5917.71230927 , 0.0
5918.84492688 , 0.0
5919.97755289 , 0.0
5921.11018725 , 0.0
5922.24282994 , 0.0
5924.50814006 , 0.0
5925.64080742 , 0.0
5926.77348291 , 0.0
5927.9061665 , 0.0
5929.03885813 , 0.0
5930.17155777 , 0.0
5931.30426537 , 0.0
5932.43698088 , 0.0
5933.56970427 , 0.0
5934.70243548 , 0.0
5935.83517447 , 0.0
5936.96792119 , 0.0
5938.10067561 , 0.0
5939.23343767 , 0.0
5940.36620734 , 37.0468
5941.49898456 , 297.734
5942.63176929 , 2814.32
5943.7645615 , 7861.58
5944.89736112 , 12332.7
5946.03016812 , 10828.8
5947.16298245 , 5619.33
5948.29580406 , 1634.72
5949.42863292 , 118.068
5950.56146897 , 30.2387
5951.69431217 , 0.0
5952.82716248 , 0.0
5953.96001984 , 0.0
5955.09288422 , 0.0
5956.22575556 , 0.0
5958.49151897 , 0.0
5959.62441095 , 0.0
5960.7573097 , 0.0
5961.8902152 , 0.0
5963.02312739 , 0.0
5964.15604622 , 46.2352
5965.28897166 , 61.0187
5966.42190365 , 67.4326
5967.55484214 , 36.5699
5968.6877871 , 0.0
5969.82073847 , 0.0
5970.95369621 , 0.0
5972.08666028 , 42.89
5973.21963062 , 464.6
5974.35260719 , 1366.33
5975.48558994 , 2298.54
5976.61857882 , 2223.54
5977.7515738 , 1130.14
5978.88457482 , 376.163
5980.01758183 , 44.8336
5981.15059479 , 0.0
5982.28361366 , 0.0
5983.41663837 , 0.0
5984.5496689 , 0.0
5985.68270518 , 0.0
5986.81574718 , 30.0824
5987.94879485 , 40.572
5989.08184813 , 32.8136
5990.21490698 , 35.0663
5991.34797135 , 0.0
5992.48104121 , 0.0
5993.61411648 , 0.0
5994.74719714 , 0.0
5997.01337441 , 0.0
5998.14647093 , 0.0
5999.27957263 , 0.0
6000.41267948 , 0.0
6001.54579141 , 0.0
6002.67890839 , 0.0
6004.9451573 , 0.0
6007.21142581 , 0.0
6008.34456729 , 0.0
6010.61086447 , 0.0
6011.74402007 , 0.0
6012.87718028 , 0.0
6015.14351434 , 0.0
6016.27668808 , 0.0
6017.40986624 , 0.0
6018.54304876 , 0.0
6019.6762356 , 0.0
6023.07582151 , 0.0
6025.3422328 , 0.0
6026.47544449 , 0.0
6027.60866016 , 425.2
6028.74187974 , 1379.84
6029.8751032 , 2530.48
6031.00833048 , 2516.62
6032.14156153 , 1481.83
6033.27479629 , 505.915
6034.40803473 , 60.5004
6035.5412768 , 0.0
6036.67452243 , 0.0
6037.80777158 , 0.0
6038.9410242 , 0.0
6040.07428025 , 0.0
6041.20753966 , 0.0
6042.34080239 , 0.0
6043.47406839 , 0.0
6044.60733761 , 0.0
6046.8738855 , 0.0
6048.00716407 , 0.0
6052.54030798 , 0.0
6054.80689701 , 0.0
6055.94019561 , 0.0
6057.07349687 , 0.0
6058.20680073 , 0.0
6059.34010715 , 0.0
6062.74004121 , 0.0
6063.87335732 , 0.0
6065.00667573 , 0.0
6066.13999638 , 0.0
6067.27331923 , 0.0
6068.40664421 , 0.0
6069.53997128 , 0.0
6070.67330038 , 40.2362
6071.80663146 , 863.643
6072.93996448 , 3664.36
6074.07329937 , 7243.1
6075.20663609 , 7999.72
6076.33997457 , 4968.67
6077.47331478 , 1643.15
6078.60665665 , 240.614
6079.74000014 , 30.3964
6080.87334518 , 0.0
6082.00669173 , 0.0
6083.14003974 , 0.0
6084.27338915 , 0.0
6085.4067399 , 0.0
6086.54009195 , 0.0
6087.67344524 , 0.0
6088.80679972 , 0.0
6089.94015533 , 0.0
6091.07351202 , 0.0
6092.20686974 , 0.0
6093.34022843 , 606.929
6094.47358804 , 4298.03
6095.60694851 , 9954.7
6096.74030979 , 13109.5
6097.87367183 , 9217.66
6099.00703457 , 3675.86
6100.14039796 , 744.842
6101.27376194 , 44.8237
6102.40712646 , 33.137
6103.54049147 , 0.0
6104.6738569 , 0.0
6105.80722271 , 0.0
6106.94058884 , 0.0
6108.07395524 , 0.0
6109.20732184 , 0.0
6110.3406886 , 0.0
6111.47405546 , 0.0
6112.60742237 , 0.0
6113.74078926 , 0.0
6114.87415609 , 0.0
6118.27425563 , 0.0
6119.40762164 , 0.0
6121.67435257 , 0.0
6122.80771739 , 0.0
6123.94108169 , 0.0
6125.07444542 , 0.0
6126.20780852 , 46.9597
6127.34117095 , 175.039
6128.47453264 , 293.109
6129.60789354 , 289.076
6130.74125358 , 161.304
6131.87461272 , 40.5767
6133.0079709 , 0.0
6134.14132806 , 0.0
6135.27468414 , 0.0
6136.40803908 , 0.0
6137.54139283 , 0.0
6138.67474534 , 0.0
6139.80809654 , 263.772
6140.94144638 , 3261.5
6142.0747948 , 10759.4
6143.20814174 , 17583.4
6144.34148714 , 15861.1
6145.47483095 , 7845.73
6146.60817311 , 2189.86
6147.74151356 , 188.426
6148.87485225 , 39.1772
6150.0081891 , 0.0
6151.14152408 , 0.0
6152.27485712 , 0.0
6153.40818815 , 0.0
6154.54151713 , 0.0
6155.67484399 , 0.0
6156.80816868 , 0.0
6157.94149113 , 0.0
6159.07481129 , 0.0
6160.2081291 , 51.7351
6161.3414445 , 646.527
6162.47475742 , 2576.75
6163.60806782 , 4598.06
6164.74137564 , 4409.11
6165.8746808 , 2293.06
6167.00798326 , 772.87
6168.14128295 , 88.0373
6169.27457982 , 0.0
6170.4078738 , 0.0
6171.54116484 , 0.0
6172.67445287 , 0.0
6174.94101968 , 0.0
6176.07429833 , 0.0
6177.20757374 , 0.0
6178.34084585 , 0.0
6179.47411459 , 0.0
6180.6073799 , 0.0
6181.74064172 , 0.0
6182.8739 , 48.1351
6184.00715466 , 0.0
6185.14040566 , 0.0
6186.27365292 , 0.0
6187.40689639 , 0.0
6188.54013601 , 0.0
6189.67337172 , 0.0
6191.93983114 , 0.0
6194.20627416 , 0.0
6196.47270029 , 0.0
6197.60590686 , 0.0
6199.87230672 , 0.0
6202.13868845 , 0.0
6203.27187236 , 0.0
6204.40505155 , 0.0
6205.53822595 , 0.0
6207.80456016 , 0.0
6211.20402402 , 0.0
6212.3371684 , 0.0
6213.47030755 , 0.0
6214.60344142 , 154.582
6215.73656993 , 944.803
6216.86969303 , 2047.19
6218.00281064 , 2491.19
6219.13592272 , 1630.27
6220.26902918 , 625.543
6221.40212998 , 125.163
6222.53522504 , 0.0
6223.66831429 , 0.0
6224.80139769 , 0.0
6225.93447515 , 0.0
6227.06754662 , 0.0
6228.20061203 , 0.0
6229.33367131 , 0.0
6230.46672441 , 0.0
6231.59977126 , 0.0
6232.73281178 , 0.0
6233.86584592 , 0.0
6234.99887361 , 0.0
6236.13189479 , 0.0
6237.26490938 , 0.0
6240.66391303 , 0.0
6241.79690065 , 0.0
6242.92988135 , 0.0
6244.06285508 , 0.0
6245.19582177 , 0.0
6246.32878135 , 0.0
6247.46173375 , 0.0
6248.59467891 , 0.0
6249.72761676 , 0.0
6255.39219403 , 0.0
6256.52508662 , 0.0
6257.65797143 , 0.0
6258.79084839 , 0.0
6259.92371744 , 0.0
6261.0565785 , 0.0
6262.18943152 , 0.0
6263.32227641 , 80.6467
6264.45511312 , 909.873
6265.58794157 , 3113.08
6266.7207617 , 5067.46
6267.85357344 , 4220.83
6268.98637671 , 1996.03
6270.11917146 , 589.506
6271.25195761 , 55.4427
6272.38473509 , 0.0
6273.51750383 , 0.0
6274.65026377 , 0.0
6275.78301483 , 0.0
6276.91575695 , 0.0
6278.04849006 , 0.0
6279.18121408 , 0.0
6280.31392895 , 0.0
6282.57933094 , 0.0
6283.71201793 , 0.0
6284.84469548 , 0.0
6288.24267084 , 0.0
6289.37530995 , 0.0
6290.50793928 , 0.0
6291.64055875 , 0.0
6293.90576784 , 0.0
6295.03835731 , 0.0
6296.17093664 , 0.0
6297.30350575 , 0.0
6298.43606458 , 0.0
6299.56861305 , 0.0
6300.70115109 , 0.0
6301.83367864 , 0.0
6302.9661956 , 229.663
6304.09870193 , 671.974
6305.23119753 , 937.24
6306.36368235 , 683.217
6307.4961563 , 293.29
6308.62861931 , 80.0207
6309.76107132 , 0.0
6310.89351225 , 0.0
6313.15836056 , 0.0
6314.2907678 , 0.0
6316.55554809 , 0.0
6318.82028229 , 0.0
6319.95263193 , 0.0
6321.08496982 , 0.0
6322.21729589 , 0.0
6323.34961007 , 0.0
6324.48191228 , 0.0
6325.61420246 , 0.0
6326.74648052 , 0.0
6327.87874638 , 0.0
6329.01099999 , 0.0
6330.14324125 , 0.0
6331.27547009 , 30.778
6332.40768645 , 328.323
6333.53989024 , 1174.06
6334.67208139 , 1843.31
6335.80425982 , 1643.85
6336.93642546 , 694.324
6338.06857823 , 222.673
6339.20071805 , 30.2053
6341.46495856 , 0.0
6342.59705909 , 0.0
6343.72914637 , 0.0
6344.86122033 , 0.0
6345.99328088 , 0.0
6347.12532795 , 0.0
6348.25736146 , 0.0
6351.65337987 , 0.0
6352.78535838 , 0.0
6353.91732294 , 0.0
6357.31313217 , 0.0
6358.44504017 , 0.0
6361.84067785 , 0.0
6362.97252804 , 0.0
6364.10436358 , 0.0
6365.23618438 , 0.0
6372.02679547 , 0.0
6375.42189573 , 0.0
6377.68521841 , 0.0
6379.94847833 , 0.0
6381.08008456 , 249.327
6382.21167485 , 738.072
6383.34324914 , 1185.44
6384.47480733 , 1001.49
6385.60634935 , 444.529
6386.73787511 , 100.775
6387.86938454 , 0.0
6390.13235405 , 0.0
6391.26381397 , 0.0
6392.39525723 , 0.0
6393.52668373 , 0.0
6396.92086194 , 0.0
6398.05222063 , 0.0
6399.18356216 , 46.2977
6400.31488644 , 454.52
6401.44619339 , 1687.97
6402.57748293 , 2766.35
6403.70875498 , 2339.62
6404.84000945 , 1021.25
6405.97124625 , 227.59
6407.1024653 , 0.0
6408.23366653 , 0.0
6410.49601514 , 0.0
6412.75829142 , 0.0
6413.88940222 , 0.0
6415.02049467 , 0.0
6416.15156871 , 0.0
6417.28262423 , 0.0
6419.54467941 , 0.0
6421.80665951 , 0.0
6424.06856386 , 0.0
6425.19948741 , 0.0
6429.72298877 , 0.0
6430.85381547 , 0.0
6435.37692504 , 0.0
6436.5076527 , 0.0
6437.63836029 , 95.4976
6438.76904771 , 166.535
6439.89971489 , 133.797
6441.03036174 , 74.4757
6442.16098816 , 0.0
6443.29159407 , 0.0
6445.55274399 , 0.0
6450.07479377 , 0.0
6453.46610947 , 0.0
6456.8572325 , 0.0
6460.24816042 , 0.0
6467.0294211 , 0.0
6470.41974891 , 0.0
6471.54981274 , 0.0
6476.06983845 , 0.0
6478.32971222 , 0.0
6480.58949226 , 0.0
6482.84917784 , 0.0
6485.10876819 , 0.0
6486.23852743 , 0.0
6487.36826257 , 0.0
6488.49797353 , 0.0
6491.88696035 , 0.0
6493.01657363 , 0.0
6496.4052651 , 0.0
6498.66426816 , 0.0
6502.05258396 , 0.0
6503.18197183 , 0.0
6504.31133417 , 0.0
6505.44067089 , 157.268
6506.56998188 , 293.629
6507.69926705 , 301.082
6508.8285263 , 192.528
6509.95775954 , 44.1729
6511.08696666 , 0.0
6512.21614758 , 0.0
6513.34530218 , 0.0
6517.86165551 , 0.0
6520.11967174 , 0.0
6521.24863941 , 0.0
6524.63537937 , 0.0
6525.76423802 , 0.0
6530.27939658 , 0.0
6531.40811671 , 46.7555
6532.53680883 , 129.122
6533.66547284 , 134.24
6534.79410863 , 94.1236
6535.92271612 , 0.0
6537.05129519 , 0.0
6539.30836769 , 0.0
6541.5653253 , 0.0
6543.82216721 , 0.0
6546.07889259 , 0.0
6547.20721133 , 0.0
6548.33550062 , 0.0
6549.46376037 , 0.0
6550.59199047 , 0.0
6553.97650182 , 0.0
6555.10461228 , 0.0
